# Camera parameter file. 

# The format of each camera is as follows:
# Filename (of the undistorted image in visualize folder)
# Original filename
# Focal Length (of the undistorted image)
# 2-vec Principal Point (image center)
# 3-vec Translation T (as in P = K[R T])
# 3-vec Camera Position C (as in P = K[R -RC])
# 3-vec Axis Angle format of R
# 4-vec Quaternion format of R
# 3x3 Matrix format of R
# [Normalized radial distortion] = [radial distortion] * [focal length]^2
# 3-vec Lat/Lng/Alt from EXIF

# The nubmer of cameras in this reconstruction
11

00000000.jpg
D:\document\project\3dSurface3\code\expr8\sfm_images\6.jpg
1822.51586914
960 540
-0.16981270407 0.0194372199325 -0.370569885927
0.317574070015 6.93889390391e-018 -0.256286515934
0.0591322008861 -1.82041558969 -0.0425079626619
0.613006873357 0.0256434314415 -0.789446387412 -0.0184341189725
-0.247130279493 -0.017887674975 -0.968817543315
-0.0630886415127 0.998005801192 -0.00233370344228
0.966926703207 0.0605446954782 -0.247765814566
-0.0299632512817
0 0 0

00000001.jpg
D:\document\project\3dSurface3\code\expr8\sfm_images\7.jpg
1815.62463379
960 540
-1.37864704873 -0.0187855956772 -0.157311546357
0.673500403112 0.0032550830377 -1.2133227342
0.0476090618026 -1.17709585375 -0.0111557497704
0.831465942941 0.0224515782103 -0.555097257135 -0.00526085116954
0.383679542055 -0.0161772258733 -0.923325137754
-0.0336741001867 0.998936489009 -0.0314949134546
0.922852719557 0.043175977134 0.382726426018
-0.0722674435535
0 0 0

00000002.jpg
D:\document\project\3dSurface3\code\expr8\sfm_images\8.jpg
1848.29553223
960 540
-1.76615388041 -0.09591870748 0.408242081562
1.01293423323 0.00736770425608 -1.50634350121
0.0284377816001 -0.751490238091 0.0410940079039
0.929929601911 0.0138852051729 -0.366927219853 0.0200648116349
0.729923817302 -0.047507517443 -0.681875733344
0.0271279317413 0.998809051899 -0.0405491622533
0.682990200609 0.0110998910222 0.73034338884
-0.0577176240829
0 0 0

00000003.jpg
D:\document\project\3dSurface3\code\expr8\sfm_images\5.jpg
1792.97399902
960 540
0.716264087223 0.0427452827521 -0.284344486569
0.706705798926 0.0100823405018 0.310126185353
0.0881122116478 -2.3476957007 -0.0526616922848
0.385571558596 0.0345963104967 -0.92179742052 -0.0206770460473
-0.700275398311 -0.0478365519153 -0.712268452066
-0.0797264754017 0.996751086988 0.0114414585265
0.709407020494 0.0647988719662 -0.701813981483
-0.132906642809
0 0 0

00000004.jpg
D:\document\project\3dSurface3\code\expr8\sfm_images\4.jpg
1773.83874512
960 540
1.8035204088 -0.0284889844602 0.477508708589
1.7704178372 -0.0002220976204 0.589180474745
0.00959648584245 -3.07771230647 -0.114986644814
0.0309130387643 0.00311449907443 -0.998858570444 -0.0373184314264
-0.998069000324 -0.00391317051752 -0.0619879961046
-0.00852767498674 0.997195253211 0.0743541392446
0.0615230187279 0.0747392537671 -0.995303789025
-0.0528463630879
0 0 0

00000005.jpg
D:\document\project\3dSurface3\code\expr8\sfm_images\9.jpg
1870.25244141
960 540
-1.75510970241 -0.0863373222257 1.96870992116
1.7556827894 -0.000426123445401 -1.97009125334
0.0210568414482 -0.000271571764772 0.0257982430139
0.99986138328 0.0105279342479 -0.000135779608264 0.0128985254901
0.999667320646 -0.0257963299999 5.55111512313e-017
0.0257906201555 0.999445583931 -0.0210564162529
0.000543043147758 0.0210494833479 0.99977823852
-0.0526658691273
0 0 0

00000006.jpg
D:\document\project\3dSurface3\code\expr8\sfm_images\10.jpg
1887.64648438
960 540
-1.45504837846 -0.0535343920285 2.66188355465
2.32048214607 0.00523717760565 -1.95473539736
0.002871133394 0.370333854371 0.021779456189
0.982845463476 0.00142734844343 0.184106893707 0.0108273871758
0.931974653276 -0.0207577369455 0.361927989872
0.0218088565227 0.999761045057 0.00118102752827
-0.361866511225 0.00679247929798 0.932205121968
-0.0512192019523
0 0 0

00000007.jpg
D:\document\project\3dSurface3\code\expr8\sfm_images\0.jpg
1626.08447266
960 540
-1.33658324447 -0.127346070915 2.50035869475
2.24092226361 0 -1.74147378948
0.0422034913604 0.419439869405 0.0200923172693
0.977818139632 0.0209454883991 0.208166969972 0.00997176737537
0.913134156245 -0.0107808470382 0.40751656454
0.0282214530571 0.998923360206 -0.0368101942361
-0.406681192703 0.0451133197641 0.912455740325
-0.0653628238947
0 0 0

00000008.jpg
D:\document\project\3dSurface3\code\expr8\sfm_images\1.jpg
1667.80078125
960 540
-0.290963224528 -0.207801658303 2.975520879
2.74921051135 -0.0034186603022 -1.19305994258
0.0511804249598 1.06292871981 0.0553717883681
0.86138821727 0.0243965414505 0.506673881513 0.0263944688066
0.485169712855 -0.0207495877565 0.874173499931
0.0701939499679 0.997416025638 -0.0152830039287
-0.871598146203 0.0687765694616 0.48537290491
-0.0410798244018
0 0 0

00000009.jpg
D:\document\project\3dSurface3\code\expr8\sfm_images\2.jpg
1757.73388672
960 540
0.855944176225 -0.153614693627 2.9057385776
2.97779013284 0.00337821787124 -0.57645995763
0.0183000862263 1.66398371924 0.0772056156454
0.672705437476 0.00812811870598 0.739070681284 0.0342914454596
-0.0948026928866 -0.0341215698103 0.994911051656
0.0581505974681 0.997516121906 0.0397519519245
-0.99379641226 0.0616232705243 -0.0925830065788
-0.0214762561473
0 0 0

00000010.jpg
D:\document\project\3dSurface3\code\expr8\sfm_images\3.jpg
1793.36730957
960 540
1.78650344753 -0.0646018683512 1.76768403931
2.47656804996 0 0.432534770757
-0.0128393204386 2.53195475616 0.0992191759413
0.299177810836 -0.00483487768332 0.953453230196 0.0373627702346
-0.820938491201 -0.0315758784762 0.570142812643
0.013136568746 0.997161257986 0.0741403098126
-0.570865387937 0.0683543573288 -0.818193316798
-0.0358830781048
0 0 0

