# Camera parameter file. 

# The format of each camera is as follows:
# Filename (of the undistorted image in visualize folder)
# Original filename
# Focal Length (of the undistorted image)
# 2-vec Principal Point (image center)
# 3-vec Translation T (as in P = K[R T])
# 3-vec Camera Position C (as in P = K[R -RC])
# 3-vec Axis Angle format of R
# 4-vec Quaternion format of R
# 3x3 Matrix format of R
# [Normalized radial distortion] = [radial distortion] * [focal length]^2
# 3-vec Lat/Lng/Alt from EXIF

# The nubmer of cameras in this reconstruction
11

00000000.jpg
D:\document\project\3dSurface3\code\expr8\sfm_images\6.jpg
1765.17272949
960 540
-0.0193675026542 0.0416055041887 -0.545511957669
0.526673667622 -0.00684102918067 -0.149189020108
0.057056339912 -1.81128393216 -0.048975389203
0.616566676648 0.0247790826263 -0.786625189837 -0.0212695945374
-0.238463440721 -0.0127555009433 -0.971067821971
-0.0652119938136 0.997868002724 0.00290651489348
0.96895969429 0.0640183413946 -0.238786694993
-0.194180941855
0 0 0

00000001.jpg
D:\document\project\3dSurface3\code\expr8\sfm_images\7.jpg
1790.88562012
960 540
-1.33630115361 0.000275260547597 -0.380246082758
0.868006321249 -0.000189590355182 -1.08482946138
0.046080522924 -1.17299322999 -0.0147977719769
0.832608348066 0.0217397296565 -0.553391196339 -0.00698124808234
0.387418611949 -0.0124357878597 -0.92181953695
-0.0356863695928 0.998956414544 -0.0284746381274
0.921212982324 0.0439280834595 0.386571618585
-0.0562581355853
0 0 0

00000002.jpg
D:\document\project\3dSurface3\code\expr8\sfm_images\8.jpg
1811.87414551
960 540
-1.81198861518 -0.0860690755844 0.175231828497
1.20691550319 0.00456161567882 -1.36556037879
0.026730406539 -0.750291621318 0.0377883546855
0.930192450036 0.0130527339899 -0.366375159077 0.018452444444
0.730856825981 -0.0438930865235 -0.681117011837
0.0247642115026 0.99897746345 -0.0378041237424
0.68208061558 0.0107620946966 0.731197686982
-0.0236354682891
0 0 0

00000003.jpg
D:\document\project\3dSurface3\code\expr8\sfm_images\5.jpg
1739.00073242
960 540
0.917264061561 0.0680962748712 -0.366464213692
0.904326205777 0 0.403113033873
0.0886548393856 -2.33876665561 -0.060894264864
0.389581253078 0.0348748719513 -0.920019574833 -0.0239544699919
-0.694020816601 -0.0455068664885 -0.718515218851
-0.0828357162336 0.996420365594 0.0169040282017
0.715174296429 0.0712504134646 -0.695305337994
-0.147539508938
0 0 0

00000004.jpg
D:\document\project\3dSurface3\code\expr8\sfm_images\4.jpg
1740.76037598
960 540
1.97873010438 -0.0240231213697 0.546487449292
1.92873129533 -0.00808015148332 0.703225603644
0.0134829336117 -3.05950080375 -0.120747768051
0.0398867563518 0.00440009566333 -0.998454535656 -0.0394054992673
-0.996779490926 -0.00564169355688 -0.0799969328922
-0.0119287237497 0.99685572764 0.0783321443075
0.079303518276 0.0790341664821 -0.993712423384
-0.129015044317
0 0 0

00000005.jpg
D:\document\project\3dSurface3\code\expr8\sfm_images\9.jpg
1823.90222168
960 540
-1.93488566924 -0.0787766169677 1.81308227267
1.93541534065 6.93889390391e-018 -1.81422823104
0.0184778927779 -0.000216121269985 0.0233874852839
0.999888930643 0.0092386043318 -0.000108056634221 0.0116933096999
0.999726326748 -0.0233860345162 2.77555756156e-017
0.0233820092099 0.99955577109 -0.0184776739079
0.000432178529761 0.0184726389159 0.999829396648
-0.0307837233847
0 0 0

00000006.jpg
D:\document\project\3dSurface3\code\expr8\sfm_images\10.jpg
1835.55151367
960 540
-1.6721059444 -0.0475096166223 2.56915795603
2.48455707499 0.00710379411158 -1.79602188912
-0.000474647114097 0.367777666987 0.0197196873448
0.983091636568 -0.000235984458872 0.182851240746 0.00980420950421
0.932938603085 -0.0193632021306 0.359514387955
0.0191905433365 0.999807483041 0.0040493994822
-0.359523714098 0.0031214220907 0.933130577437
-0.0292363098723
0 0 0

00000007.jpg
D:\document\project\3dSurface3\code\expr8\sfm_images\3.jpg
1725.91015625
960 540
1.87006610055 -0.0511137654925 1.91255046545
2.61872556579 -0.000427554248776 0.547619439171
-0.0262724213975 2.54870719993 0.101332352113
0.291091673507 -0.00985343222445 0.955888811104 0.0380045466151
-0.830337142517 -0.0409631480579 0.555753625691
0.00328808024239 0.99691720725 0.0783928013074
-0.557251469153 0.0669197930034 -0.827642615193
-0.233646614524
0 0 0

00000008.jpg
D:\document\project\3dSurface3\code\expr8\sfm_images\2.jpg
1791.81762695
960 540
0.710011857281 -0.161334767394 3.13213166955
3.18204217312 0.00107734441785 -0.463682619742
0.0156620600957 1.64707965769 0.0760739243051
0.67895720118 0.00697353875812 0.733362901206 0.0338719463713
-0.0779369644141 -0.0357669752125 0.99631643855
0.0562234324144 0.997608188458 0.0402114129055
-0.995371652858 0.0591503503356 -0.0757396999092
0.0429452241878
0 0 0

00000009.jpg
D:\document\project\3dSurface3\code\expr8\sfm_images\1.jpg
1603.67578125
960 540
-0.476899470912 -0.206006678507 3.02998413036
2.89456762086 2.08166817117e-017 -1.03544924143
0.0474795149813 1.07038299073 0.0530030078156
0.85956788563 0.0226177151818 0.509896060004 0.0252489296705
0.478737082062 -0.0203409813574 0.87772277903
0.0664716950077 0.99770183501 -0.0131342627815
-0.875438333723 0.0646315836849 0.478988882951
0.00636987957985
0 0 0

00000010.jpg
D:\document\project\3dSurface3\code\expr8\sfm_images\0.jpg
1607.46484375
960 540
-1.53938286119 -0.116004474938 2.45593962548
2.42361677348 0.00219743806471 -1.59401149722
0.0376636422079 0.429344871289 0.0180513942211
0.976829860025 0.0186861498794 0.213011863553 0.00895587994614
0.909091558521 -0.0095359999165 0.416487418731
0.0254574839002 0.999141191608 -0.0326909430397
-0.4158179767 0.0403218136449 0.908553551615
0.0627214160981
0 0 0

