# Camera parameter file. 

# The format of each camera is as follows:
# Filename (of the undistorted image in visualize folder)
# Original filename
# Focal Length (of the undistorted image)
# 2-vec Principal Point (image center)
# 3-vec Translation T (as in P = K[R T])
# 3-vec Camera Position C (as in P = K[R -RC])
# 3-vec Axis Angle format of R
# 4-vec Quaternion format of R
# 3x3 Matrix format of R
# [Normalized radial distortion] = [radial distortion] * [focal length]^2
# 3-vec Lat/Lng/Alt from EXIF

# The nubmer of cameras in this reconstruction
8

00000000.jpg
D:\document\project\3dSurface3\code\expr1\sfm_images\6.jpg
1393.11364746
640 480
-0.023763271533 0.0541732665812 -0.317783492006
-0.304655174596 0 0.108032533265
0.134052313602 1.29878085235 0.125548575396
0.792529033202 0.0623233323088 0.603826584433 0.0583697914273
0.263972874677 -0.0172545372976 0.964375920921
0.167784480174 0.985417739528 -0.0282957030323
-0.949824475808 0.16927649817 0.263018459664
-0.0739766967695
0 0 0

00000001.jpg
D:\document\project\3dSurface3\code\expr1\sfm_images\7.jpg
1404.02282715
640 480
-0.974332168387 -0.0100637686992 -0.0822642581098
-0.142434711964 0.00505279107231 0.9674082736
0.0498586360749 1.63243596004 0.07214714667
0.684123531613 0.0222445710227 0.728315904965 0.0321886528499
-0.062960549234 -0.0116398672255 0.997948064798
0.0764441922367 0.996938235811 0.0164509184163
-0.99508413134 0.0773230563653 -0.0618776605496
-0.0325434542252
0 0 0

00000002.jpg
D:\document\project\3dSurface3\code\expr1\sfm_images\5.jpg
1409.46948242
640 480
1.67372476567 0.0438456816461 0.172428192901
-1.256058935 -0.017384988211 -1.12027839985
0.126025297938 0.627169241957 0.0730409028414
0.94862606106 0.0619298379752 0.308195974719 0.0358928830364
0.807453341697 -0.0299247658764 0.589171426523
0.106270931143 0.989752653142 -0.0953724620315
-0.580279507607 0.13962057101 0.802359620047
-0.0764854440004
0 0 0

00000003.jpg
D:\document\project\3dSurface3\code\expr1\sfm_images\4.jpg
1411.14331055
640 480
2.12026626067 -0.254503180363 0.623903020104
-1.7332612628 0.0179889908043 -1.39464624081
0.137244618986 0.384658331832 -0.0491249939651
0.978922964662 0.0681395103491 0.190976014771 -0.0243896850704
0.925866271916 0.0737772666487 0.370578058052
-0.0217252246165 0.989523993067 -0.142722323607
-0.377225168182 0.124091002319 0.917770417987
-0.0894091508473
0 0 0

00000004.jpg
D:\document\project\3dSurface3\code\expr1\sfm_images\3.jpg
1435.2644043
640 480
2.86950107208 -0.255245191171 1.69854125444
-2.8696025673 2.77555756156e-017 -1.71744388992
0.163177343599 -0.00068463754215 0.0083736648333
0.996664679952 0.0814979435032 -0.000341938105497 0.00418217657211
0.999964630914 -0.00839218109199 0
0.008280729607 0.986681262996 -0.162455143803
0.00136319052992 0.162449343311 0.986716043149
-0.127640733973
0 0 0

00000005.jpg
D:\document\project\3dSurface3\code\expr1\sfm_images\2.jpg
1486.71630859
640 480
2.97911431728 -0.350690016498 2.61164172584
-3.56149509732 0.0031899739217 -1.77045935171
0.153509925067 -0.263527037115 -0.00258517638548
0.98839516612 0.0764578226612 -0.131253425219 -0.00128758422325
0.965541470349 -0.0175253891244 -0.259657359946
-0.0226159572134 0.988305107503 -0.150803082818
0.259263644146 0.151479086504 0.953853439789
-0.147499966243
0 0 0

00000006.jpg
D:\document\project\3dSurface3\code\expr1\sfm_images\1.jpg
1464.32983398
640 480
2.53750640809 -0.366758127687 4.49319553699
-5.09550460098 8.32667268469e-017 -0.893355284609
0.125254311163 -0.885523691659 -0.00121467422059
0.901674636351 0.0605607632159 -0.428152852502 -0.0005872979315
0.633369584137 -0.0507994365897 -0.772180154848
-0.052917643185 0.992663912439 -0.108709306407
0.772038115482 0.109715110192 0.626035102776
-0.114349154273
0 0 0

00000007.jpg
D:\document\project\3dSurface3\code\expr1\sfm_images\0.jpg
1368.12756348
640 480
1.4598976157 -0.6438287393 5.00293389138
-5.23070467468 0.179361914676 0.427466386436
0.115876925907 -1.37229402405 -0.0369099347127
0.771986323113 0.0534640270061 -0.633157673003 -0.0170297384991
0.197642632702 -0.0414088479483 -0.979399119892
-0.0939957487784 0.993703029643 -0.0609819674211
0.975757135837 0.104112023088 0.192505869952
-0.153853711057
0 0 0

