# Camera parameter file. 

# The format of each camera is as follows:
# Filename (of the undistorted image in visualize folder)
# Original filename
# Focal Length (of the undistorted image)
# 2-vec Principal Point (image center)
# 3-vec Translation T (as in P = K[R T])
# 3-vec Camera Position C (as in P = K[R -RC])
# 3-vec Axis Angle format of R
# 4-vec Quaternion format of R
# 3x3 Matrix format of R
# [Normalized radial distortion] = [radial distortion] * [focal length]^2
# 3-vec Lat/Lng/Alt from EXIF

# The nubmer of cameras in this reconstruction
9

00000000.jpg
D:\document\project\3dSurface3\code\expr1\sfm_images\4.jpg
1385.36767578
640 480
-0.00674626794266 0.00310344108821 -0.0243755389655
0.00677589101295 0 0.0245641542976
0.100802411751 0.00471821944313 -0.0934654550958
0.997635951238 0.0503614826431 0.00235725041161 -0.0466958955918
0.995628166063 0.0934084500247 0
-0.0929335668458 0.990565486215 -0.10070500852
-0.00940671102677 0.10026469405 0.994916312531
-0.0581701014278
0 0 0

00000001.jpg
D:\document\project\3dSurface3\code\expr1\sfm_images\6.jpg
1370.12805176
640 480
-0.820756865236 -0.0762016417042 0.413615781278
0.831876267185 -0.000874393464754 0.398130911236
0.120406872178 0.916304479118 0.0853545794644
0.89424379071 0.0580657878402 0.44188459113 0.0411619437722
0.606087079616 -0.022300889133 0.795084981273
0.124934361395 0.989867781386 -0.0674721651061
-0.785525226041 0.140227715809 0.602732967894
-0.05131980156
0 0 0

00000002.jpg
D:\document\project\3dSurface3\code\expr1\sfm_images\5.jpg
1388.59362793
640 480
-0.252625655666 0.00775309025608 0.00698581263685
0.246246746728 -0.0125189299485 0.0559863019594
0.1104670153 0.246414089009 0.0298390650558
0.990787515364 0.0550637906372 0.122828463957 0.0148736890064
0.969383767944 -0.0159464929039 0.245031784037
0.043000168596 0.993493306025 -0.105459167199
-0.241755850443 0.112766898049 0.96376252844
-0.0418702215137
0 0 0

00000003.jpg
D:\document\project\3dSurface3\code\expr1\sfm_images\3.jpg
1413.06323242
640 480
0.496869750303 -0.00700609822313 0.116288891866
-0.504392688006 -0.019349010823 0.0752665078898
0.143732203795 -0.375616715727 -0.0460341284756
0.979586592757 0.0713764224826 -0.186528674058 -0.0228602311517
0.929369568603 0.0181596819888 -0.36870534238
-0.0714146217853 0.988765219035 -0.131310541364
0.362178610707 0.148367004648 0.920224783201
-0.0686484221164
0 0 0

00000004.jpg
D:\document\project\3dSurface3\code\expr1\sfm_images\7.jpg
1379.30053711
640 480
-1.01043136452 -0.0628395104641 0.754849430511
1.04015437426 5.62577155029e-005 0.716098307705
0.0252994043698 1.24478905455 0.0526191404121
0.812085672642 0.0118469509516 0.582897314844 0.024639962525
0.319247247021 -0.02620845319 0.947309065229
0.053830588974 0.998504769785 0.00948363402511
-0.946141166797 0.0479665905542 0.320180542038
-0.0474175953652
0 0 0

00000005.jpg
D:\document\project\3dSurface3\code\expr1\sfm_images\2.jpg
1424.53613281
640 480
0.72753268851 -0.0320306008506 0.30769939019
-0.769128152611 -0.0274330530236 0.180825992651
0.139449968702 -0.630194841974 -0.0648342870909
0.947860091418 0.0685089008313 -0.309601761372 -0.0318517514642
0.806264431088 0.0179610634686 -0.591282745016
-0.10280295275 0.98858398771 -0.110151018866
0.582553870332 0.149596393153 0.798906592811
-0.0683391869703
0 0 0

00000006.jpg
D:\document\project\3dSurface3\code\expr1\sfm_images\1.jpg
1444.61376953
640 480
1.12264710461 -0.0439595732972 0.99266467249
-1.28517892414 -0.0558790748055 0.769964491487
0.119919022213 -1.26161552528 -0.0604026077922
0.805444977831 0.0560181158192 -0.589342068593 -0.0282160429316
0.303759486571 -0.0205746660315 -0.952526403325
-0.111480546326 0.992131223619 -0.0569811996729
0.946204034165 0.123496840544 0.299075739064
-0.0676096941598
0 0 0

00000007.jpg
D:\document\project\3dSurface3\code\expr1\sfm_images\0.jpg
1442.09936523
640 480
1.11541277823 -0.170589088579 1.39118726016
-1.18557839282 0 1.34277770796
0.116529387554 -1.74415427207 -0.105838023265
0.640519402264 0.0510995726921 -0.764833145378 -0.0464112776781
-0.174247475318 -0.0187106109006 -0.984523955181
-0.137619906247 0.99046970014 0.00553323254194
0.975037921257 0.136454303569 -0.175161806113
-0.0484736759446
0 0 0

00000008.jpg
D:\document\project\3dSurface3\code\expr1\sfm_images\8.jpg
1373.96826172
640 480
-1.10947145185 -0.228530258851 1.61576092165
1.19178763246 4.16333634234e-017 1.57273003419
0.0462751170475 1.89090401433 0.134332954338
0.583213463685 0.019823577392 0.810035381013 0.0575462556665
-0.318937974192 -0.0350078060902 0.947128720525
0.0992391982672 0.992590586014 0.0701062530146
-0.942565440547 0.116351761948 -0.31310083493
-0.0411451035696
0 0 0

