# Camera parameter file. 

# The format of each camera is as follows:
# Filename (of the undistorted image in visualize folder)
# Original filename
# Focal Length (of the undistorted image)
# 2-vec Principal Point (image center)
# 3-vec Translation T (as in P = K[R T])
# 3-vec Camera Position C (as in P = K[R -RC])
# 3-vec Axis Angle format of R
# 4-vec Quaternion format of R
# 3x3 Matrix format of R
# [Normalized radial distortion] = [radial distortion] * [focal length]^2
# 3-vec Lat/Lng/Alt from EXIF

# The nubmer of cameras in this reconstruction
11

00000000.jpg
D:\document\project\3dSurface3\code\expr11\sfm_images\9.jpg
2026.36804199
960 540
-0.14645584313 0.154099943569 -0.24411206244
0.146074165482 -0.0557789063557 0.283439305593
0.372214166193 -0.0012849534862 0.00682456999854
0.982726044511 0.185034242118 -0.000638773093745 0.00339261439287
0.999976417334 -0.00690444635689 0
0.00643159573454 0.931501624909 -0.363680299832
0.00251095582302 0.363671575589 0.931523871998
-0.209811249346
0 0 0

00000001.jpg
D:\document\project\3dSurface3\code\expr11\sfm_images\10.jpg
2124.2956543
960 540
-1.16712514538 0.00153061705913 0.136643943731
1.10737896609 -0.0636374740825 0.387964802253
0.353156025732 0.438592816942 0.0921434433881
0.959578628672 0.174192363943 0.216333614677 0.045449271869
0.902268420465 -0.0118569923732 0.431012104104
0.162591607523 0.935182440023 -0.314638065866
-0.399344349128 0.353967013007 0.845713717929
-0.152689636709
0 0 0

00000002.jpg
D:\document\project\3dSurface3\code\expr11\sfm_images\8.jpg
1767.68603516
960 540
1.2135034042 -0.0281929955971 0.0650365638054
-0.997511259012 -0.00285377221277 0.694678706939
0.380459842509 -0.657162143874 -0.135023109797
0.926561494204 0.185549980765 -0.320497486283 -0.0658506697067
0.785890013079 0.00309279014 -0.618358440233
-0.240965989531 0.922469618348 -0.301636960716
0.569484078882 0.386056908994 0.725705178741
-0.388141465619
0 0 0

00000003.jpg
D:\document\project\3dSurface3\code\expr11\sfm_images\7.jpg
1678.31408691
960 540
1.83984273253 -0.385729616399 0.867876299022
-1.56722508101 0 1.3530793853
0.366723980651 -1.17048303741 -0.248300968093
0.810533639647 0.171628399778 -0.547791094334 -0.116205920708
0.372842174263 0.000344619524759 -0.927894652307
-0.376410611915 0.914079698673 -0.150908023261
0.848117785522 0.405534342895 0.340937251064
-0.363568172034
0 0 0

00000004.jpg
D:\document\project\3dSurface3\code\expr11\sfm_images\6.jpg
1586.26464844
960 540
2.10961907033 -0.878752503944 1.90346599442
-1.73347894398 -0.00580868014531 2.41679510731
0.328559176037 -1.70079681733 -0.376839037653
0.63222192598 0.143597483451 -0.743336849622 -0.164698299179
-0.159350397808 -0.00523082906801 -0.98720822739
-0.421734332719 0.904508432577 0.0632817063947
0.89260719149 0.426423616607 -0.146339780011
-0.624923628931
0 0 0

00000005.jpg
D:\document\project\3dSurface3\code\expr11\sfm_images\5.jpg
1522.91174316
960 540
1.66504865705 -1.36885030685 3.00873146216
-1.13560919311 0.00798965622371 3.52263109636
0.264042058092 -2.32340708125 -0.505503475719
0.365907205918 0.102714167724 -0.903821256202 -0.196644311764
-0.711123464036 -0.0417633356245 -0.70182578247
-0.329577618333 0.901561630217 0.280294966781
0.621033059555 0.430630383262 -0.65488583281
-0.655111034816
0 0 0

00000006.jpg
D:\document\project\3dSurface3\code\expr11\sfm_images\4.jpg
1817.39819336
960 540
-0.466018713154 -1.7514716113 4.05802293522
0.349361155476 -0.0674651910634 4.4300985496
-0.0601792888228 2.88044158394 0.616428548705
0.0975004901269 -0.0203281884368 0.972995202249 0.208225719197
-0.980160830599 -0.0801629645664 0.181269245994
0.00104547414848 0.912457375612 0.409170462945
-0.198200790448 0.401242429601 -0.894271162712
-0.0546652384013
0 0 0

00000007.jpg
D:\document\project\3dSurface3\code\expr11\sfm_images\3.jpg
1853.50891113
960 540
-1.52244782374 -1.56662226899 3.44117759834
1.42789620677 -0.0394836978886 3.81751352901
0.0865653444017 2.34123626039 0.519164991566
0.362511808788 0.0336200886841 0.909285017563 0.201632341196
-0.73490976755 -0.0850476885729 0.672810895465
0.207328730295 0.916428188486 0.342307191644
-0.645695330216 0.391057908286 -0.655859174893
0
0 0 0

00000008.jpg
D:\document\project\3dSurface3\code\expr11\sfm_images\2.jpg
1984.91760254
960 540
-2.15696684041 -0.923654956061 2.15713236488
2.36040129974 0 2.14181462137
0.226885646762 1.5343255453 0.318922501514
0.702615583978 0.10195710829 0.689490049308 0.1433163203
0.00812783607389 -0.0607957217668 0.998117140602
0.341989398559 0.938130337009 0.054357055015
-0.939668673966 0.340903667741 0.0284164623145
0
0 0 0

00000009.jpg
D:\document\project\3dSurface3\code\expr11\sfm_images\1.jpg
2044.7989502
960 540
-1.86524591913 -0.349392682093 0.815371596642
1.88144895982 2.77555756156e-017 0.852172706118
0.300961514811 0.8541559491 0.176042918691
0.895479362328 0.14520050454 0.412092140229 0.0849328547226
0.645932949404 -0.032439275338 0.76270460048
0.271783199013 0.943406432629 -0.19004778471
-0.71337542733 0.33004843615 0.618193771391
0
0 0 0

00000010.jpg
D:\document\project\3dSurface3\code\expr11\sfm_images\0.jpg
1740.90368652
960 540
-0.648751715088 -0.0630741887417 -0.130059831246
0.597831129241 0.0974349945644 0.27363671465
0.345307742283 0.271039206217 0.0576008020064
0.975597704724 0.171247189507 0.134415469529 0.0285657523684
0.962232976369 -0.00970082009833 0.272054456148
0.101773909679 0.939716809219 -0.326457379528
-0.252487238059 0.341816080565 0.905213740264
0
0 0 0

