# Camera parameter file. 

# The format of each camera is as follows:
# Filename (of the undistorted image in visualize folder)
# Original filename
# Focal Length (of the undistorted image)
# 2-vec Principal Point (image center)
# 3-vec Translation T (as in P = K[R T])
# 3-vec Camera Position C (as in P = K[R -RC])
# 3-vec Axis Angle format of R
# 4-vec Quaternion format of R
# 3x3 Matrix format of R
# [Normalized radial distortion] = [radial distortion] * [focal length]^2
# 3-vec Lat/Lng/Alt from EXIF

# The nubmer of cameras in this reconstruction
17

00000000.jpg
D:\document\project\3dSurface3\code\expr4\sfm_images\5.jpg
2336.42993164
960 540
-0.11105214753 0.104078900854 0.146767015294
-0.139700079857 -0.143556030829 0.0676837539164
0.0217322607798 -2.81972739333 -0.493655748482
0.138987927516 0.00751780633245 -0.975423802805 -0.170769546233
-0.961251614923 0.032801991667 -0.273712006774
-0.0621376295885 0.941562265588 0.331060375057
0.268576524433 0.335239912343 -0.903040074684
-0.530141496292
0 0 0

00000001.jpg
D:\document\project\3dSurface3\code\expr4\sfm_images\6.jpg
1992.65966797
960 540
-1.10461014753 -0.136829338205 0.440742280943
-0.967921766552 -0.0305899717618 -0.703794562813
0.212524466122 -2.09707045962 -0.339746682809
0.482310070387 0.0871992631713 -0.860432693862 -0.139398822857
-0.519546628567 -0.0155894390683 -0.854301536656
-0.284523263325 0.945927597215 0.155771341188
0.805679875903 0.323999672219 -0.49588895266
-0.221387580925
0 0 0

00000002.jpg
D:\document\project\3dSurface3\code\expr4\sfm_images\4.jpg
1931.59179688
960 540
0.361910629066 0.07267976209 -0.198736863119
0.345608363829 -0.0141883778779 -0.236878665894
0.0635141022925 3.03306073285 0.510404882437
0.0327592016364 0.0206367757622 0.985491283947 0.165838935395
-0.997001923944 0.0297970970433 0.0714106222324
0.0515281015384 0.944153208137 0.325450593751
-0.0577250084945 0.328154770944 -0.942858623025
-0.144957562016
0 0 0

00000003.jpg
D:\document\project\3dSurface3\code\expr4\sfm_images\7.jpg
1875.75646973
960 540
-1.38095980527 -0.308375556016 0.832037673947
-1.17261090475 -0.00473941712488 -1.14864802235
0.252622102928 -1.78151291897 -0.275641434605
0.613617181555 0.109580028689 -0.772767839816 -0.119565136865
-0.22293239838 -0.0226257144847 -0.97457148702
-0.316094603666 0.947392321865 0.050311613879
0.922163008436 0.319272367314 -0.218355741489
-0.171127134494
0 0 0

00000004.jpg
D:\document\project\3dSurface3\code\expr4\sfm_images\8.jpg
1837.34289551
960 540
-1.56367478188 -0.344795013437 1.12797287836
-1.26281041443 0.00478667639739 -1.4971881897
0.227501706631 -1.60923795477 -0.25967784297
0.680078018478 0.101339782764 -0.716829017097 -0.115672522131
-0.0544480676386 0.0120458845684 -0.998444648147
-0.302619474006 0.952700129117 0.0279966656539
0.951553981993 0.303672500275 -0.0482276166102
-0.163032707115
0 0 0

00000005.jpg
D:\document\project\3dSurface3\code\expr4\sfm_images\3.jpg
1904.92272949
960 540
0.696736364298 0.049457076713 -0.152228988635
0.636296453065 -0.00317616786263 -0.325849318271
0.0801508167166 2.85538772789 0.499900722957
0.120551528811 0.027437578564 0.977468830938 0.17112820458
-0.969428605656 0.0123769219626 0.245061337738
0.0948959887014 0.939925118117 0.327923649947
-0.226280109998 0.341154218118 -0.912365828067
-0.151901054252
0 0 0

00000006.jpg
D:\document\project\3dSurface3\code\expr4\sfm_images\2.jpg
1881.11572266
960 540
1.09234181709 -0.0513977812251 0.111854192722
0.975660576338 0 -0.506408438652
0.145794691242 2.5201596116 0.435863502229
0.285891319876 0.0545373936109 0.942715647114 0.163043380929
-0.830583250223 0.00959981183164 0.556812373101
0.196050561315 0.940885373439 0.276221744629
-0.521244509384 0.338588814397 -0.783366736094
-0.141113665366
0 0 0

00000007.jpg
D:\document\project\3dSurface3\code\expr4\sfm_images\0.jpg
1890.37182617
960 540
1.26784019148 -0.670962461292 1.8615260657
1.69275147996 0.00652384115581 -1.63016500618
0.288797853907 1.36275815334 0.218086619969
0.761614401169 0.13273119102 0.626322219219 0.100232382001
0.195348308194 0.0135880369452 0.980639977806
0.318941739327 0.944671608348 -0.0766244349706
-0.927424109911 0.327735511289 0.18020606773
-0.159530153884
0 0 0

00000008.jpg
D:\document\project\3dSurface3\code\expr4\sfm_images\1.jpg
1893.93029785
960 540
1.46039903988 -0.486158929932 1.42115735473
1.57985009688 -0.00642406916216 -1.37580408721
0.257303090342 1.61163771808 0.255796711603
0.677832221716 0.114513721663 0.717265512922 0.11384330206
-0.0548603882474 0.0099398751349 0.998444479502
0.318606508587 0.947853048584 0.00806984082282
-0.946298225236 0.318554202311 -0.0551665771497
-0.135944139983
0 0 0

00000009.jpg
D:\document\project\3dSurface3\code\expr4\sfm_images\10.jpg
1873.88269043
960 540
-1.58393242796 -0.570842863776 1.46080325241
-0.826122113012 1.11022302463e-016 -2.07030665854
0.321783821953 -1.16172798674 -0.184333934364
0.81979660157 0.15110610857 -0.545534558658 -0.0865611680849
0.389798869982 -0.0229422326548 -0.920614289778
-0.306792438351 0.939348526188 -0.153308131933
0.868295219128 0.342196965194 0.359118475612
-0.0889476183243
0 0 0

00000010.jpg
D:\document\project\3dSurface3\code\expr4\sfm_images\9.jpg
1877.24597168
960 540
-1.63821688935 -0.507742161355 1.28191357594
-1.01423778684 -0.00556704642959 -1.88577603023
0.311165834233 -1.35488131152 -0.215083045893
0.762681573607 0.143068756385 -0.622951374999 -0.0988915250649
0.204304079251 -0.0274042829438 -0.978524074986
-0.329095258755 0.939503190445 -0.0950227224578
0.921930064872 0.341440894558 0.182925461183
-0.11969480935
0 0 0

00000011.jpg
D:\document\project\3dSurface3\code\expr4\sfm_images\11.jpg
1858.04614258
960 540
-0.955346012304 -0.963606665087 2.51610870771
-0.209302776098 -0.00501776035449 -2.85099888737
0.359453413459 -0.413137144822 -0.0551285891833
0.962372356011 0.177466769871 -0.203971117981 -0.027217692985
0.915309901387 -0.0200092629453 -0.402252880226
-0.124783484238 0.935529674072 -0.330474839295
0.382931781252 0.352681614444 0.853802630998
-0.135337779977
0 0 0

00000012.jpg
D:\document\project\3dSurface3\code\expr4\sfm_images\12.jpg
1840.24487305
960 540
-0.365822247634 -1.07168363116 2.79134377519
0.365877184834 0.00117097532881 -2.98999346716
0.364414453718 -0.00262857268605 0.0142663385589
0.983420021625 0.181199112083 -0.00130701466942 0.00709370293401
0.999896017118 -0.0144257833223 0
0.0134785746487 0.934233205634 -0.356408191484
0.00514137757785 0.356371147406 0.934330532976
-0.134316883822
0 0 0

00000013.jpg
D:\document\project\3dSurface3\code\expr4\sfm_images\13.jpg
1854.546875
960 540
0.0775306174028 -1.05715828435 2.80147355277
0.694970029647 0 -2.9135650558
0.356896978512 0.253930610344 0.0647529089328
0.97559379152 0.176994362967 0.125930700795 0.0321126278923
0.966220385854 -0.0180797160047 0.257081895636
0.1072358056 0.935283446524 -0.337261257096
-0.234346943795 0.353437149484 0.905629151831
-0.128659217557
0 0 0

00000014.jpg
D:\document\project\3dSurface3\code\expr4\sfm_images\14.jpg
1868.82189941
960 540
0.310245204798 -1.01235843343 2.60591306021
0.851728474805 -0.00125859412076 -2.68075713252
0.365769908137 0.41374458475 0.0753070987105
0.961420338255 0.180526968968 0.204205032043 0.0371680719751
0.913838108702 0.00226080022498 0.406073450186
0.145197361547 0.932057262218 -0.331944575332
-0.379234033737 0.362304622944 0.851420896323
-0.108766071146
0 0 0

00000015.jpg
D:\document\project\3dSurface3\code\expr4\sfm_images\15.jpg
1872.37414551
960 540
1.12698431614 -0.862395704662 2.17395542554
1.43064875403 0.00111110413624 -2.16636675711
0.344920236475 1.0257101498 0.164585679839
0.85393373359 0.163978505246 0.487632789825 0.0782456664208
0.51218352897 0.0262894032199 0.858473408461
0.293555859476 0.933977123088 -0.203743264049
-0.807150946885 0.356363844806 0.470650633397
-0.114283703691
0 0 0

00000016.jpg
D:\document\project\3dSurface3\code\expr4\sfm_images\16.jpg
1867.91320801
960 540
1.4665104673 -0.716567575078 1.88231047436
1.69819367595 -0.00158268664597 -1.82300565081
0.307285878319 1.37115546803 0.206166923732
0.758293437738 0.141052225332 0.629396089076 0.0946359902427
0.189809367656 0.0340316556576 0.981231008716
0.321079057157 0.942296583735 -0.0947909902948
-0.927836687622 0.333044917097 0.167929799475
-0.132719886641
0 0 0

