# Camera parameter file. 

# The format of each camera is as follows:
# Filename (of the undistorted image in visualize folder)
# Original filename
# Focal Length (of the undistorted image)
# 2-vec Principal Point (image center)
# 3-vec Translation T (as in P = K[R T])
# 3-vec Camera Position C (as in P = K[R -RC])
# 3-vec Axis Angle format of R
# 4-vec Quaternion format of R
# 3x3 Matrix format of R
# [Normalized radial distortion] = [radial distortion] * [focal length]^2
# 3-vec Lat/Lng/Alt from EXIF

# The nubmer of cameras in this reconstruction
17

00000000.jpg
D:\document\project\3dSurface3\code\expr2\sfm_images\3.jpg
3407.8605957
2016 1512
-0.0321493678971 -0.0557856827803 0.301081334169
-0.282294590655 -0.0805314108738 0.0928442243433
0.39221100434 -1.9531103888 -0.362794309499
0.52979806852 0.164279121335 -0.818067965945 -0.151957823035
-0.384652753772 -0.107769050994 -0.916748651847
-0.429796895555 0.899842380624 0.0745541320364
0.816894661255 0.422693176761 -0.392445653222
-0.15889207845
35.5991361111 139.679825 39.9996489996

00000001.jpg
D:\document\project\3dSurface3\code\expr2\sfm_images\4.jpg
3356.33837891
2016 1512
-0.756198873356 -0.292489939733 0.695915060346
-0.906092677437 -0.0629010236926 -0.56278272294
0.353170965703 -1.78067063109 -0.343726698886
0.602788194799 0.152518892026 -0.768992748814 -0.148440331638
-0.226768759571 -0.0556156849639 -0.97235941157
-0.413528003138 0.909406911036 0.0444259021279
0.881799591916 0.412172252517 -0.229223720308
-0.160532620838
35.5991361111 139.679825 39.9996489996

00000002.jpg
D:\document\project\3dSurface3\code\expr2\sfm_images\2.jpg
3398.22900391
2016 1512
0.848401689723 0.11726858747 0.121560884672
0.501363040801 -0.0679182349894 0.701667023658
0.341424572182 -2.24234573078 -0.425377091719
0.404955275155 0.135274301802 -0.888429767057 -0.168536753864
-0.635424176793 -0.103863737809 -0.765146024962
-0.376863127947 0.906592451738 0.189906053737
0.673951258135 0.409026222167 -0.615213175443
-0.117101507377
35.5991333333 139.679825 39.9996489996

00000003.jpg
D:\document\project\3dSurface3\code\expr2\sfm_images\1.jpg
3297.61889648
2016 1512
2.56539976942 -0.405362140264 1.64512178486
2.37514085708 0.00749495479907 1.95209371276
0.223238174753 -2.97992325126 -0.636195120961
0.0431604083323 0.0729991049543 -0.974437864023 -0.20803643668
-0.985616619657 -0.124308308704 -0.114487219562
-0.160224058925 0.902783943379 0.399135819639
0.0537413248605 0.411738504349 -0.909716040333
-0.149298968063
35.5991333333 139.679825 39.9996489996

00000004.jpg
D:\document\project\3dSurface3\code\expr2\sfm_images\0.jpg
3346.03271484
2016 1512
3.0058833189 -0.597955667008 2.23579140345
3.25373698135 -0.00430083842997 1.95059628455
-0.146070396632 2.93978321782 0.641328273353
0.0645174479273 -0.0483875901927 0.973838839896 0.212447767553
-0.986992280057 -0.121656604958 0.105099522258
-0.0668302538366 0.905049174354 0.420023462645
-0.146218864313 0.407536087323 -0.90140688995
-0.240057371754
35.5990611111 139.679838889 39.9996489996

00000005.jpg
D:\document\project\3dSurface3\code\expr2\sfm_images\5.jpg
3310.79467773
2016 1512
-1.4451618624 -0.317162294368 0.308257562098
-0.447223328348 -0.00566950285215 -1.44362966353
0.42316912586 -1.59114077086 -0.252893436357
0.672747746877 0.187956830235 -0.706728722565 -0.112326362629
-0.0241653980791 -0.114534366311 -0.993125325661
-0.416803595806 0.904110036453 -0.0941265345589
0.908675297375 0.411663601644 -0.06958651466
-0.0601776746062
35.5991361111 139.679825 39.9996489996

00000006.jpg
D:\document\project\3dSurface3\code\expr2\sfm_images\6.jpg
3318.10668945
2016 1512
-1.87217945648 -0.792124334036 1.16856734142
-0.963505055692 -0.0217563734192 -2.13758068319
0.461590102948 -1.3553880571 -0.212380682742
0.749328726956 0.21116736123 -0.620060347121 -0.0971595102764
0.212170390981 -0.116264190316 -0.970291895896
-0.407481838905 0.891936750228 -0.195978020595
0.888224226282 0.436957059267 0.141867022957
-0.144516637282
35.5991361111 139.679825 39.9996489996

00000007.jpg
D:\document\project\3dSurface3\code\expr2\sfm_images\7.jpg
3434.53613281
2016 1512
-2.88006644889 -2.14940324599 4.49090543571
0.716856750641 -0.065509701869 -5.70655531599
0.420645009289 -0.412566967311 0.00317242177071
0.95691748076 0.207293331561 -0.203312482634 0.00156336545887
0.917323180587 -0.087282667219 -0.388458386909
-0.0812986202734 0.914054061157 -0.397360928657
0.389754687847 0.396089521806 0.831387018191
-0.185572015011
35.5991361111 139.679825 39.9996489996

00000008.jpg
D:\document\project\3dSurface3\code\expr2\sfm_images\8.jpg
3341.22729492
2016 1512
-2.97201704852 -1.9665821685 3.89393616699
2.12622741287 -0.0043887602534 -4.83137737734
0.414688055533 -0.201533165996 0.0495787377866
0.97324022519 0.205491213938 -0.0998661388404 0.0245678525759
0.978846349866 -0.08886407295 -0.184290531208
0.00677761654339 0.914339563228 -0.404891623809
0.204484442607 0.395077637503 0.895600230614
-0.176842516565
35.5991361111 139.679825 39.9996489996

00000009.jpg
D:\document\project\3dSurface3\code\expr2\sfm_images\9.jpg
3447.60009766
2016 1512
-2.74968260093 -2.39619727546 5.04683826251
2.76160943794 -2.22044604925e-016 -5.5809144008
0.397081583756 -0.0184730846085 0.0917492447701
0.979267914898 0.197166831222 -0.00917262271574 0.0455571565099
0.995680816967 -0.0928423972379 -1.89864869736e-007
0.0856082494185 0.918099572313 -0.386994060614
0.0359296306191 0.385322546179 0.922082207316
-0.155859291505
35.5991361111 139.679825 39.9996489996

00000010.jpg
D:\document\project\3dSurface3\code\expr2\sfm_images\10.jpg
3272.24584961
2016 1512
-1.95361209168 -2.67638141129 6.01486320047
3.79878281072 0.0193139475473 -5.72075808894
0.399997770912 0.287558796521 0.08840018946
0.968850216142 0.197917900018 0.142283375754 0.0437401933997
0.955684472931 -0.0284345377854 0.293016493152
0.141076245532 0.917830600667 -0.371058595676
-0.258388624256 0.395952605168 0.881167891673
-0.0620779668466
35.599025 139.679688889 39.9996489996

00000011.jpg
D:\document\project\3dSurface3\code\expr2\sfm_images\11.jpg
3328.14746094
2016 1512
0.00575515806912 -2.47906684312 6.58870096356
5.95817831231 0 -3.74925287497
0.290291525956 0.984527625969 0.249848006979
0.863714811376 0.138490085896 0.469690994382 0.119195597713
0.530365558565 -0.0758069140787 0.844372954367
0.335997098704 0.933225811189 -0.127261679202
-0.778343320104 0.351202074465 0.520421731811
-0.0814675066853
35.599025 139.679688889 39.9996489996

00000012.jpg
D:\document\project\3dSurface3\code\expr2\sfm_images\12.jpg
3238.54541016
2016 1512
0.64597333765 -2.3450986744 6.42248075139
6.24950039296 0.0409232858828 -2.84729669523
0.251462917723 1.20746090513 0.293200501107
0.805741792635 0.11747937838 0.564106063182 0.136978497357
0.326042481486 -0.0881969407401 0.941231958611
0.353280259312 0.934870973834 -0.0347752880975
-0.876863363727 0.343856891637 0.335965890273
-0.0911964011697
35.5990444444 139.679580556 39.9996489996

00000013.jpg
D:\document\project\3dSurface3\code\expr2\sfm_images\13.jpg
3126.96850586
2016 1512
1.53359095488 -2.59333905682 5.98690981811
6.34986164734 0.102706345459 -2.14221995066
0.257060413603 1.42750176263 0.397654700824
0.730329283979 0.116754330309 0.648357364617 0.180610883014
0.0940248733674 -0.112413773928 0.989202945113
0.415207893555 0.907496270582 0.0636625793528
-0.904854534341 0.404739005176 0.132002308202
-0.121034577209
35.5990444444 139.679580556 39.9996489996

00000014.jpg
D:\document\project\3dSurface3\code\expr2\sfm_images\14.jpg
3162.1171875
2016 1512
1.55971962348 -2.42823417873 5.81716770307
6.42798720591 0.0894612234915 -0.917313352324
0.2044910556 1.61671004054 0.438319787521
0.664661750247 0.0905383013627 0.715797473081 0.194065842632
-0.10005514749 -0.128362110589 0.986667186049
0.387590459919 0.90828252942 0.157468987838
-0.916385619071 0.398178371231 -0.0411264129647
-0.160549327335
35.5990444444 139.679580556 39.9996489996

00000015.jpg
D:\document\project\3dSurface3\code\expr2\sfm_images\15.jpg
3218.25317383
2016 1512
2.66592388906 -2.10618437011 5.5249781234
6.48312996613 0.0712608236462 -0.18026032419
0.142156218619 1.90784157046 0.483040813687
0.55154206187 0.0600958099506 0.806530207034 0.20420301848
-0.384379695229 -0.128314935622 0.914214158276
0.322191279787 0.90937924174 0.263101071683
-0.865127175116 0.395682539403 -0.308204962464
-0.190681439266
35.5990444444 139.679580556 39.9996489996

00000016.jpg
D:\document\project\3dSurface3\code\expr2\sfm_images\16.jpg
3265.26367188
2016 1512
3.19382146711 -1.38766856688 3.84534193949
4.74736192229 -2.22044604925e-016 2.09172871705
0.0105550907344 2.57747990766 0.588315036231
0.246339007737 0.00386937687491 0.94487498035 0.215669637869
-0.87860424238 -0.0989435343856 0.467188144408
0.11356784398 0.906943270448 0.405655332767
-0.46385011597 0.409468046606 -0.785607401138
-0.116539056487
35.5990194444 139.679672222 39.9996489996

