# Camera parameter file. 

# The format of each camera is as follows:
# Filename (of the undistorted image in visualize folder)
# Original filename
# Focal Length (of the undistorted image)
# 2-vec Principal Point (image center)
# 3-vec Translation T (as in P = K[R T])
# 3-vec Camera Position C (as in P = K[R -RC])
# 3-vec Axis Angle format of R
# 4-vec Quaternion format of R
# 3x3 Matrix format of R
# [Normalized radial distortion] = [radial distortion] * [focal length]^2
# 3-vec Lat/Lng/Alt from EXIF

# The nubmer of cameras in this reconstruction
3

00000000.jpg
D:\document\project\3dSurface3\code\sfm_images\7.jpg
3082.84692383
2016 1512
-0.0188594926845 0.000269889900385 -0.0295579611224
0.0241371996201 0.00206716588734 0.0253485441298
0.0197292423296 -0.194242058523 -0.0831063657725
0.994377065822 0.00984612485268 -0.0969389258804 -0.0414752700474
0.977765552428 0.0805751977607 -0.193604489126
-0.0843930315749 0.996365648296 -0.0115403681051
0.191970889598 0.0276226748578 0.981011795408
-0.0994570596179
35.5991361111 139.679825 39.9996489996

00000001.jpg
D:\document\project\3dSurface3\code\sfm_images\8.jpg
3075.97705078
2016 1512
-0.775881508042 0.204086642261 -0.632748050933
0.775881342919 -0.204086652853 0.632748231776
0 0 0
1.00000004501 0 0 0
1.00000033111 9.54664499675e-008 -1.14251761718e-007
9.54664499675e-008 1.00000018756 -3.98266135626e-008
-1.14251761718e-007 -3.98266135626e-008 0.999999841445
-0.0899811629884
35.5991361111 139.679825 39.9996489996

00000002.jpg
D:\document\project\3dSurface3\code\sfm_images\9.jpg
3027.28515625
2016 1512
-1.28075962985 -0.0795700013275 -0.19671289332
1.23092828092 -0.0228252417736 0.411905863722
-0.0184162524064 0.170432858934 0.076832507036
0.995592062243 -0.00919459260745 0.0850911830618 0.0383597914286
0.98257631516 -0.0779460983688 0.168726699334
0.0748167170535 0.996888125044 0.0248362594396
-0.170137726358 -0.0117799942225 0.985349777402
-0.0990853610876
35.5991361111 139.679825 39.9996489996

