# Camera parameter file. 

# The format of each camera is as follows:
# Filename (of the undistorted image in visualize folder)
# Original filename
# Focal Length (of the undistorted image)
# 2-vec Principal Point (image center)
# 3-vec Translation T (as in P = K[R T])
# 3-vec Camera Position C (as in P = K[R -RC])
# 3-vec Axis Angle format of R
# 4-vec Quaternion format of R
# 3x3 Matrix format of R
# [Normalized radial distortion] = [radial distortion] * [focal length]^2
# 3-vec Lat/Lng/Alt from EXIF

# The nubmer of cameras in this reconstruction
10

00000000.jpg
D:\document\project\3dSurface3\code\expr6\sfm_images\0.jpg
1753.90478516
960 540
-0.000513096419311 0.0224513499456 -0.247131175699
0.11958515168 -4.16333634234e-017 0.217433962315
0.0984897451686 -0.502113012411 0.0152966433947
0.967422073494 0.0487089367682 -0.24832423853 0.0075650844116
0.876555883664 -0.03882849913 -0.47973173452
-0.00955398053952 0.995140917095 -0.0980014138856
0.48120566443 0.0904869885382 0.871925072374
-0.0976276914378
0 0 0

00000001.jpg
D:\document\project\3dSurface3\code\expr6\sfm_images\3.jpg
1709.67346191
960 540
-1.02686045161 -0.100082876891 0.588137174802
1.04604180628 -0.00015315899132 0.562281761891
0.0567617220731 1.01473598154 0.0874674584637
0.872725158963 0.0271662658676 0.485654530079 0.0418620884745
0.5247744868 -0.0466812561956 0.849960433165
0.0994551350781 0.995019088986 -0.00675632109659
-0.845411274692 0.0880784136943 0.526803236566
-0.0966954955314
0 0 0

00000002.jpg
D:\document\project\3dSurface3\code\expr6\sfm_images\2.jpg
1712.75366211
960 540
-0.853732667998 -0.0717085473578 0.344428439392
0.899067683053 0.000505411781116 0.210498582845
0.0844408931937 0.615867476405 0.0721240483242
0.951444944222 0.0415348699545 0.302933502645 0.0354764481335
0.813945384806 -0.0423431885389 0.579396192822
0.0926723603235 0.994032558367 -0.0575423003968
-0.573502005287 0.100530267712 0.813011984372
-0.0793281637467
0 0 0

00000003.jpg
D:\document\project\3dSurface3\code\expr6\sfm_images\1.jpg
1780.26135254
960 540
-0.458741642575 -0.0099821759321 -0.121997655541
0.459241179847 0.000162166826642 0.120517731235
0.0941875778359 -0.00218046992865 0.0462578674277
0.998623304337 0.0470721756622 -0.00108973461114 0.0231183189051
0.998928595847 -0.0462755854363 0
0.0460703826267 0.994499304965 -0.0940651273601
0.00435293751292 0.0939643590482 0.995566115046
-0.0725432530981
0 0 0

00000004.jpg
D:\document\project\3dSurface3\code\expr6\sfm_images\4.jpg
1647.13439941
960 540
-0.769852148183 -0.158186763801 1.2303659791
1.10564425676 -2.77555756156e-017 0.95343935239
0.0295747382056 1.72194379428 0.120183720512
0.650014247549 0.0130182306522 0.757966522923 0.052902561077
-0.154623957005 -0.0490400802612 0.986755199316
0.0885095934663 0.994063573202 0.0632726559541
-0.984000956943 0.0971207975613 -0.149365528132
-0.0347418122188
0 0 0

00000005.jpg
D:\document\project\3dSurface3\code\expr6\sfm_images\5.jpg
1787.92712402
960 540
0.220347894894 -0.181389108803 1.72048243497
0.835636388604 -0.0347615453194 1.53036519657
-0.00544510165037 2.76191086895 0.185409854435
0.18564885064 -0.00193287454799 0.980409102563 0.0658158491051
-0.931061382599 -0.0282274356278 0.363769150263
0.0206471113333 0.991328847769 0.129770171438
-0.36427814193 0.128334827685 -0.922405482193
-0.110931277372
0 0 0

00000006.jpg
D:\document\project\3dSurface3\code\expr6\sfm_images\6.jpg
1573.16113281
960 540
0.887110074461 -0.0929558535378 1.296112907
0.255785544432 -1.38777878078e-017 1.55244575513
0.0746264795377 -2.70405296318 -0.118181750727
0.215266591876 0.026915049973 -0.975253302641 -0.042623848082
-0.905871777267 -0.0341471671248 -0.422173313664
-0.0708491291618 0.994917560835 0.0715503496634
0.417584505037 0.0947259939749 -0.903686961256
-0.0369582038778
0 0 0

00000007.jpg
D:\document\project\3dSurface3\code\expr6\sfm_images\7.jpg
1657.0267334
960 540
0.949984590553 -0.0157354344847 0.632856067928
-0.144472925844 -0.00289064708722 1.13240662313
0.0774336457855 -2.03073717432 -0.0567612417016
0.526342629893 0.0323853985073 -0.849323727263 -0.0237394922276
-0.443829228652 -0.0300211305493 -0.895608218438
-0.0800015576348 0.996775173636 0.00623336219455
0.892532918513 0.0744166254765 -0.444799688814
-0.0671856999637
0 0 0

00000008.jpg
D:\document\project\3dSurface3\code\expr6\sfm_images\8.jpg
1710.9666748
960 540
0.68546171565 0.0170236235353 -0.0945164665849
-0.144194463551 0.00848318271343 0.676917236812
0.0655602230708 -1.22317459925 -0.00735975108105
0.818226951537 0.0307687586533 -0.574060951477 -0.00345408227969
0.340884059963 -0.0296738521433 -0.939636868721
-0.0409787449996 0.998082741218 -0.046385951246
0.939211700574 0.054317359136 0.339014575709
-0.086035824325
0 0 0

00000009.jpg
D:\document\project\3dSurface3\code\expr6\sfm_images\9.jpg
1483.3704834
960 540
0.0898827464155 0.0325274748437 -0.369339216728
0.113833286019 0.012733899082 0.363906899785
0.119257306153 -0.540508022948 -0.0312038722343
0.961827242722 0.0588679744312 -0.26680639955 -0.0154029032862
0.857154168337 -0.00178284068591 -0.515056789579
-0.0610425686766 0.99259459539 -0.105022460673
0.511429864901 0.121460825455 0.850697815641
0.00594249427679
0 0 0

