# Camera parameter file. 

# The format of each camera is as follows:
# Filename (of the undistorted image in visualize folder)
# Original filename
# Focal Length (of the undistorted image)
# 2-vec Principal Point (image center)
# 3-vec Translation T (as in P = K[R T])
# 3-vec Camera Position C (as in P = K[R -RC])
# 3-vec Axis Angle format of R
# 4-vec Quaternion format of R
# 3x3 Matrix format of R
# [Normalized radial distortion] = [radial distortion] * [focal length]^2
# 3-vec Lat/Lng/Alt from EXIF

# The nubmer of cameras in this reconstruction
17

00000000.jpg
D:\document\project\3dSurface3\code\expr2\sfm_images\2.jpg
3388.05151367
2016 1512
0.0246118305833 -0.135065706667 0.52025680178
-0.38698560942 -0.0867559103348 0.363635473013
0.327858258736 -2.24034152354 -0.427822820296
0.406538885288 0.129994576073 -0.888287053474 -0.169630151679
-0.63565486172 -0.0930221052106 -0.766348040075
-0.36886711631 0.908654280556 0.195664547154
0.678144874065 0.407055947354 -0.611903957831
-0.105315727672
35.5991333333 139.679825 39.9996489996

00000001.jpg
D:\document\project\3dSurface3\code\expr2\sfm_images\3.jpg
3384.10595703
2016 1512
-0.824586248186 -0.435410342977 0.950670863954
-1.28099944274 -0.0855999020046 -0.353568597027
0.379248304801 -1.95036763926 -0.364462964065
0.531840625214 0.158988506068 -0.817633284906 -0.152790194288
-0.38373655721 -0.0974683422866 -0.918284752723
-0.422508472113 0.902756065207 0.0807394770864
0.821117637039 0.418965662962 -0.387601705483
-0.151019562199
35.5991361111 139.679825 39.9996489996

00000002.jpg
D:\document\project\3dSurface3\code\expr2\sfm_images\4.jpg
3374.63305664
2016 1512
-1.53801628223 -0.710213407696 1.5985170357
-2.0491597227 -0.072096479058 -1.1049441594
0.340226277459 -1.77676136127 -0.343465829673
0.605279320287 0.147078631248 -0.768087729793 -0.148479078353
-0.224009735319 -0.0461961060925 -0.973491709403
-0.405681368582 0.912644171757 0.0500424217504
0.886138766635 0.406137037552 -0.223182214172
-0.16340947243
35.5991361111 139.679825 39.9996489996

00000003.jpg
D:\document\project\3dSurface3\code\expr2\sfm_images\1.jpg
3293.14404297
2016 1512
1.96986547304 -0.439747019905 1.56409510094
1.78870364909 -0.026470124221 1.8220769639
0.210585142424 -2.97840299771 -0.643817775618
0.0437067560855 0.0688845732164 -0.974266356126 -0.21059943827
-0.986691484225 -0.115786943966 -0.114172844286
-0.152605417087 0.901824857119 0.404255317917
0.0561552436718 0.416298202876 -0.907492250784
-0.13188880753
35.5991333333 139.679825 39.9996489996

00000004.jpg
D:\document\project\3dSurface3\code\expr2\sfm_images\0.jpg
3371.08642578
2016 1512
2.57828297258 -0.559573404024 2.09653064961
2.81674452485 -0.0655690350001 1.84872155355
-0.136031593234 2.93811209398 0.651575227817
0.0644680605727 -0.0450607783974 0.97325639453 0.21583579411
-0.987626266731 -0.115541622833 0.106036495193
-0.0598835626393 0.90276743693 0.425939584775
-0.144939313588 0.41431966081 -0.898516646863
-0.222860348179
35.5990611111 139.679838889 39.9996489996

00000005.jpg
D:\document\project\3dSurface3\code\expr2\sfm_images\5.jpg
3342.32617188
2016 1512
-2.15023586231 -0.809617162429 1.2628246694
-1.52640169951 -0.00328846425774 -2.13162013697
0.409861371183 -1.58656140585 -0.249986088345
0.675758785592 0.182261812885 -0.705530158283 -0.111166655024
-0.0202613603358 -0.106938935244 -0.994059488294
-0.407426310433 0.908845088113 -0.0894669979141
0.913013323544 0.403193087426 -0.0619839825587
-0.0701285380962
35.5991361111 139.679825 39.9996489996

00000006.jpg
D:\document\project\3dSurface3\code\expr2\sfm_images\6.jpg
3341.37744141
2016 1512
-2.39685325418 -1.40220751698 2.32500029186
-2.11606329713 -5.55111512313e-017 -2.93921604219
0.44833002602 -1.35271509997 -0.205933171863
0.751846169572 0.205296150486 -0.619425839474 -0.0942994780346
0.214838429374 -0.11253400739 -0.97014473535
-0.396128812801 0.897921620508 -0.191879013717
0.892707043621 0.425525483766 0.148330600917
-0.148586675277
35.5991361111 139.679825 39.9996489996

00000007.jpg
D:\document\project\3dSurface3\code\expr2\sfm_images\7.jpg
3375.93066406
2016 1512
-2.59544035793 -2.75284945991 5.83457177839
-0.0991021537831 0.0027067591452 -6.9531955096
0.414088187676 -0.413380471729 0.0188423112322
0.957466501131 0.204100248225 -0.203751421563 0.00928720140804
0.916798568939 -0.100955853341 -0.386379230984
-0.0653871163914 0.91651327908 -0.394622684111
0.393961411835 0.387053918083 0.833656555133
-0.135141576537
35.5991361111 139.679825 39.9996489996

00000008.jpg
D:\document\project\3dSurface3\code\expr2\sfm_images\8.jpg
3375.29443359
2016 1512
-2.54991133474 -2.46006130814 5.11460376588
1.46905029193 0 -6.0460766838
0.408790431343 -0.205029005828 0.067139150459
0.973411857745 0.202580487865 -0.10160432545 0.0332715269537
0.977139085736 -0.105939767414 -0.184325296198
0.0236078280343 0.915708451715 -0.401149430997
0.211286124569 0.387627565147 0.897275041746
-0.129184505926
35.5991361111 139.679825 39.9996489996

00000009.jpg
D:\document\project\3dSurface3\code\expr2\sfm_images\9.jpg
3406.88305664
2016 1512
-2.19517627781 -2.88042457573 6.1738382629
2.20899810809 0.00257981182189 -6.80824835826
0.399895925187 -0.0221704527602 0.109282112097
0.978533481205 0.198515175642 -0.0110057918737 0.0542495092125
0.993872036572 -0.110539323623 0
0.101800520791 0.91529777324 -0.38970172389
0.0430781433424 0.387313259682 0.920941285546
-0.0774817959462
35.5991361111 139.679825 39.9996489996

00000010.jpg
D:\document\project\3dSurface3\code\expr2\sfm_images\10.jpg
3276.12426758
2016 1512
-1.19557965611 -3.11870058233 7.09032857048
3.40765279294 0.0223392743084 -7.05803514406
0.39485786191 0.283174174215 0.103882608604
0.969296981864 0.195404209942 0.140135048903 0.0514086232521
0.955438881835 -0.0448945262546 0.291755618226
0.154426367186 0.918348957447 -0.364400833818
-0.251574301595 0.393218009944 0.884358716924
-0.0801106299747
35.599025 139.679688889 39.9996489996

00000011.jpg
D:\document\project\3dSurface3\code\expr2\sfm_images\11.jpg
3302.42236328
2016 1512
0.889487269479 -2.59839281862 7.04945728936
5.88212061968 -0.0408844294514 -4.75780663018
0.293286585405 0.981095461051 0.263287249335
0.86348838379 0.139907666504 0.468015870496 0.125596963883
0.530372847348 -0.0859452462616 0.843396645817
0.347860831149 0.929302368918 -0.124054526372
-0.773108424592 0.359180052944 0.522773539494
-0.0917961197742
35.599025 139.679688889 39.9996489996

00000012.jpg
D:\document\project\3dSurface3\code\expr2\sfm_images\12.jpg
3221.05883789
2016 1512
1.47295821326 -2.383263573 6.69546805386
6.23058489298 0 -3.72272778324
0.255188807388 1.20512263624 0.304858896145
0.805365791405 0.119203615545 0.56293603503 0.142405472338
0.325647298095 -0.0951689454391 0.940689610715
0.363585038281 0.93102227995 -0.0316746571437
-0.872788090733 0.352335399543 0.337786653815
-0.100241368376
35.5990444444 139.679580556 39.9996489996

00000013.jpg
D:\document\project\3dSurface3\code\expr2\sfm_images\13.jpg
3143.32421875
2016 1512
2.29790505953 -2.57196546202 6.10587963228
6.3810702762 0.0447867316184 -2.9081022257
0.264704916966 1.42717205399 0.4094565639
0.728902160215 0.120160911518 0.647854587915 0.185869890552
0.0914739200674 -0.115268376647 0.989113811974
0.426655482321 0.90202770781 0.0656620752764
-0.899776622572 0.416004267191 0.131691808787
-0.12469547017
35.5990444444 139.679580556 39.9996489996

00000014.jpg
D:\document\project\3dSurface3\code\expr2\sfm_images\14.jpg
3151.01391602
2016 1512
2.17858218696 -2.3606385897 5.74066230088
6.42129171184 0.0311151241271 -1.42831052025
0.216251291805 1.63406334653 0.451460961989
0.65658884031 0.0954391547327 0.721168522372 0.199245295819
-0.119564923145 -0.123989362947 0.985054000922
0.39929958793 0.902385209756 0.16205045706
-0.908990814166 0.412707592765 -0.0583846657343
-0.162070377435
35.5990444444 139.679580556 39.9996489996

00000015.jpg
D:\document\project\3dSurface3\code\expr2\sfm_images\15.jpg
3235.55493164
2016 1512
3.14289857436 -1.99311545182 5.3582185171
6.50116035677 0.00964693127932 -0.543733103082
0.151829446191 1.93211973635 0.491858975422
0.540505962486 0.0638855701428 0.812981763666 0.206960453739
-0.40754388066 -0.119851232864 0.905286535565
0.327602204115 0.90617187197 0.267448840836
-0.85239942705 0.405570967152 -0.330041209379
-0.196350442215
35.5990444444 139.679580556 39.9996489996

00000016.jpg
D:\document\project\3dSurface3\code\expr2\sfm_images\16.jpg
3203.66845703
2016 1512
3.02524511608 -1.32238927144 3.46188190375
4.37610319789 -0.0181528205558 1.93257293987
0.034697873219 2.6006176997 0.598656431973
0.234172429246 0.0126395257693 0.947336864822 0.218074847155
-0.890007096979 -0.0781863735635 0.449193128001
0.1260820933 0.904567218049 0.407260936914
-0.438167571799 0.419100250729 -0.795213214593
-0.142663365225
35.5990194444 139.679672222 39.9996489996

