# Camera parameter file. 

# The format of each camera is as follows:
# Filename (of the undistorted image in visualize folder)
# Original filename
# Focal Length (of the undistorted image)
# 2-vec Principal Point (image center)
# 3-vec Translation T (as in P = K[R T])
# 3-vec Camera Position C (as in P = K[R -RC])
# 3-vec Axis Angle format of R
# 4-vec Quaternion format of R
# 3x3 Matrix format of R
# [Normalized radial distortion] = [radial distortion] * [focal length]^2
# 3-vec Lat/Lng/Alt from EXIF

# The nubmer of cameras in this reconstruction
17

00000000.jpg
D:\document\project\3dSurface3\code\expr2\sfm_images\3.jpg
3407.8605957
2016 1512
-0.0321490913159 -0.0557856433002 0.301081639392
-0.282294590655 -0.0805314108738 0.0928442243433
0.392211177766 -1.95311125242 -0.362794469918
0.529798371496 0.164279215281 -0.818068433774 -0.151957909935
-0.384652157061 -0.107768656312 -0.916749474173
-0.429796869189 0.899842609031 0.0745539850925
0.816895821771 0.422693427998 -0.392445194211
-0.15889207845
35.5991361111 139.679825 39.9996489996

00000001.jpg
D:\document\project\3dSurface3\code\expr2\sfm_images\4.jpg
3356.33837891
2016 1512
-0.756198842442 -0.292490017602 0.695915236562
-0.906092677437 -0.0629010236926 -0.56278272294
0.353170993788 -1.78067077269 -0.34372672622
0.60278825846 0.152518908134 -0.768992830028 -0.148440347315
-0.226768573785 -0.0556156628364 -0.972359658231
-0.41352805661 0.909406954834 0.0444258449587
0.881799736893 0.412172273025 -0.229223642901
-0.160532620838
35.5991361111 139.679825 39.9996489996

00000002.jpg
D:\document\project\3dSurface3\code\expr2\sfm_images\2.jpg
3398.22900391
2016 1512
0.848403378064 0.117269047803 0.121559347338
0.501363040801 -0.0679182349894 0.701667023658
0.341425020599 -2.24234867582 -0.425377650397
0.404955929893 0.135274520516 -0.888431203485 -0.168537026357
-0.635423608671 -0.103863578881 -0.765148821704
-0.3768638518 0.906593079461 0.189905975657
0.673953114911 0.409026852643 -0.615212250167
-0.117101507377
35.5991333333 139.679825 39.9996489996

00000003.jpg
D:\document\project\3dSurface3\code\expr2\sfm_images\1.jpg
3297.61889648
2016 1512
2.56542374908 -0.405359731172 1.64508658754
2.37514085708 0.00749495479907 1.95209371276
0.223255441693 -2.98015374122 -0.636244329135
0.0431638372636 0.0730049044572 -0.974515279428 -0.208052964388
-0.985616806198 -0.124301074302 -0.114499304446
-0.16022253149 0.902785099684 0.399132722641
0.0537559712823 0.411737409903 -0.909715826097
-0.149298968063
35.5991333333 139.679825 39.9996489996

00000004.jpg
D:\document\project\3dSurface3\code\expr2\sfm_images\0.jpg
3346.03271484
2016 1512
3.00589302615 -0.59795598473 2.23577834746
3.25373698135 -0.00430083842997 1.95059628455
-0.146068429218 2.93974362204 0.641319635336
0.0645165439217 -0.0483869121955 0.973825194661 0.212444790777
-0.986992943871 -0.121656982802 0.10509565216
-0.0668321681013 0.905047962373 0.420026815991
-0.146215691613 0.407539790607 -0.901405480744
-0.240057371754
35.5990611111 139.679838889 39.9996489996

00000005.jpg
D:\document\project\3dSurface3\code\expr2\sfm_images\5.jpg
3310.79467773
2016 1512
-1.44516279146 -0.317162649951 0.308257965211
-0.447223328348 -0.00566950285215 -1.44362966353
0.42316921247 -1.59114109651 -0.252893488116
0.672747934195 0.187956882569 -0.706728919344 -0.112326393905
-0.0241652022429 -0.114534439417 -0.993126029595
-0.416803837237 0.904110679961 -0.0941267086043
0.908675652504 0.411663709261 -0.0695863458625
-0.0601776746062
35.5991361111 139.679825 39.9996489996

00000006.jpg
D:\document\project\3dSurface3\code\expr2\sfm_images\6.jpg
3318.10668945
2016 1512
-1.87217875235 -0.792124417635 1.16856766497
-0.963505055692 -0.0217563734192 -2.13758068319
0.461590113003 -1.35538808663 -0.212380687368
0.749328749722 0.211167367646 -0.62006036596 -0.0971595132283
0.212170517001 -0.116264063944 -0.970291624576
-0.407481730228 0.891936782003 -0.195978109013
0.888224610531 0.436957009309 0.141867001633
-0.144516637282
35.5991361111 139.679825 39.9996489996

00000007.jpg
D:\document\project\3dSurface3\code\expr2\sfm_images\7.jpg
3434.53613281
2016 1512
-2.88006686044 -2.14940107986 4.49090597147
0.716856750641 -0.065509701869 -5.70655531599
0.420644995795 -0.412566954077 0.00317242166894
0.956917435248 0.207293321702 -0.203312472964 0.00156336538451
0.917323348718 -0.0872827968172 -0.388458436421
-0.0812987504408 0.91405346963 -0.397360558631
0.389754564311 0.396089816357 0.831387093176
-0.185572015011
35.5991361111 139.679825 39.9996489996

00000008.jpg
D:\document\project\3dSurface3\code\expr2\sfm_images\8.jpg
3341.22729492
2016 1512
-2.9720167548 -1.96658203061 3.8939385008
2.12622741287 -0.0043887602534 -4.83137737734
0.414688089345 -0.201533182428 0.0495787418292
0.973240343369 0.205491238891 -0.099866150967 0.0245678555591
0.978846307252 -0.0888637757846 -0.184290489437
0.00677793693638 0.914339983322 -0.404891454649
0.204484578796 0.395078000941 0.895600773272
-0.176842516565
35.5991361111 139.679825 39.9996489996

00000009.jpg
D:\document\project\3dSurface3\code\expr2\sfm_images\9.jpg
3447.60009766
2016 1512
-2.74967986554 -2.39619674412 5.04683873797
2.76160943794 -2.22044604925e-016 -5.5809144008
0.397081565075 -0.0184730837394 0.0917492404535
0.979267846172 0.197166817385 -0.00917262207199 0.0455571533126
0.995680210156 -0.0928424409257 0
0.0856081806831 0.918099464066 -0.386993999418
0.0359298154408 0.385322498971 0.922082383965
-0.155859291505
35.5991361111 139.679825 39.9996489996

00000010.jpg
D:\document\project\3dSurface3\code\expr2\sfm_images\10.jpg
3272.24584961
2016 1512
-1.95361164776 -2.67637891118 6.01486204263
3.79878281072 0.0193139475473 -5.72075808894
0.399997770348 0.287558796115 0.0884001893354
0.968850214109 0.197917899603 0.142283375455 0.0437401933079
0.955684739176 -0.0284346995884 0.293016747001
0.141076083018 0.91783034986 -0.371058267413
-0.258388368093 0.395952930212 0.88116786048
-0.0620779668466
35.599025 139.679688889 39.9996489996

00000011.jpg
D:\document\project\3dSurface3\code\expr2\sfm_images\11.jpg
3328.14746094
2016 1512
0.00575466965285 -2.47906760051 6.58870099332
5.95817831231 0 -3.74925287497
0.290291524409 0.984527620723 0.249848005648
0.863714804731 0.13849008483 0.469690990768 0.119195596796
0.530365666946 -0.07580681663 0.844372996332
0.335997189816 0.933225542584 -0.127261736422
-0.77834325317 0.351202009881 0.520421846117
-0.0814675066853
35.599025 139.679688889 39.9996489996

00000012.jpg
D:\document\project\3dSurface3\code\expr2\sfm_images\12.jpg
3238.54541016
2016 1512
0.6459725976 -2.34509622612 6.42247941077
6.24950039296 0.0409232858828 -2.84729669523
0.251462906508 1.20746085128 0.293200488032
0.805741741634 0.117479370944 0.564106027476 0.136978488687
0.326042600273 -0.0881971244881 0.941231956779
0.353280019678 0.934870491983 -0.0347749611332
-0.876863135402 0.343857170669 0.335965924592
-0.0911964011697
35.5990444444 139.679580556 39.9996489996

00000013.jpg
D:\document\project\3dSurface3\code\expr2\sfm_images\13.jpg
3126.96850586
2016 1512
1.53359189732 -2.59333818659 5.98690939667
6.34986164734 0.102706345459 -2.14221995066
0.257060429418 1.42750185046 0.397654725289
0.730329346271 0.116754340267 0.648357419917 0.180610898419
0.0940248629087 -0.112414015788 0.989203342456
0.415207741699 0.907496620161 0.0636625522226
-0.904854460098 0.404739036229 0.132002333031
-0.121034577209
35.5990444444 139.679580556 39.9996489996

00000014.jpg
D:\document\project\3dSurface3\code\expr2\sfm_images\14.jpg
3162.1171875
2016 1512
1.55972101576 -2.42823321257 5.81716598171
6.42798720591 0.0894612234915 -0.917313352324
0.204491042947 1.6167099405 0.438319760399
0.664661694448 0.0905382937619 0.715797412989 0.19406582634
-0.100055375875 -0.128362179045 0.986667096775
0.387590304834 0.908282729484 0.157468973851
-0.916385388822 0.398178316828 -0.0411266813408
-0.160549327335
35.5990444444 139.679580556 39.9996489996

00000015.jpg
D:\document\project\3dSurface3\code\expr2\sfm_images\15.jpg
3218.25317383
2016 1512
2.66592234277 -2.10618240387 5.52497980053
6.48312996613 0.0712608236462 -0.18026032419
0.142156235448 1.90784179632 0.483040870871
0.551542146999 0.0600958192262 0.80653033152 0.204203049998
-0.384379443501 -0.128315369482 0.914214462165
0.322190984995 0.909378816519 0.263101209062
-0.8651274205 0.395682717709 -0.308204413354
-0.190681439266
35.5990444444 139.679580556 39.9996489996

00000016.jpg
D:\document\project\3dSurface3\code\expr2\sfm_images\16.jpg
3265.26367188
2016 1512
3.19382321762 -1.38766880912 3.84534002373
4.74736192229 -2.22044604925e-016 2.09172871705
0.0105550856658 2.57747866995 0.588314753723
0.246338872131 0.00386937474488 0.944874460212 0.215669519146
-0.87860438082 -0.0989433861355 0.467187621737
0.113567758263 0.906943365952 0.405655643119
-0.463849613599 0.409468352761 -0.785607625441
-0.116539056487
35.5990194444 139.679672222 39.9996489996

