# Camera parameter file. 

# The format of each camera is as follows:
# Filename (of the undistorted image in visualize folder)
# Original filename
# Focal Length (of the undistorted image)
# 2-vec Principal Point (image center)
# 3-vec Translation T (as in P = K[R T])
# 3-vec Camera Position C (as in P = K[R -RC])
# 3-vec Axis Angle format of R
# 4-vec Quaternion format of R
# 3x3 Matrix format of R
# [Normalized radial distortion] = [radial distortion] * [focal length]^2
# 3-vec Lat/Lng/Alt from EXIF

# The nubmer of cameras in this reconstruction
9

00000000.jpg
D:\document\project\3dSurface3\code\expr3\sfm_images\1.jpg
1924.49682617
960 540
-0.0094825031069 0.0512817539731 -0.140137559456
-0.12920805245 3.46944695195e-018 -0.0752564390008
0.211382877881 2.13702557018 0.372682843232
0.462683822071 0.0859790608325 0.869225801736 0.151587116094
-0.557062359194 0.00919636769602 0.830419831816
0.2897439927 0.939257622411 0.183964284664
-0.778287032945 0.3430887666 -0.52588998639
-0.228730107509
0 0 0

00000001.jpg
D:\document\project\3dSurface3\code\expr3\sfm_images\3.jpg
1981.71069336
960 540
-0.787711736109 -0.275826170885 0.77209241419
-1.11499558068 2.42861286637e-017 0.222440262392
0.156051002299 -2.50905619589 -0.397318841983
0.293844732538 0.0586074749957 -0.942316589431 -0.149219509993
-0.820440366139 -0.0227571450193 -0.571279879742
-0.198146613032 0.94859659587 0.246778943867
0.536299185008 0.315664935126 -0.782777322369
-0.122239006237
0 0 0

00000002.jpg
D:\document\project\3dSurface3\code\expr3\sfm_images\2.jpg
1978.6105957
960 540
-0.430758710896 0.0190425730925 0.00443711593498
-0.387162910042 -0.00624634870917 0.189739391627
0.146066712006 2.65255863347 0.440464281831
0.222499189961 0.0528829521484 0.960349756347 0.159468582673
-0.895395093612 0.0306084224987 0.444220522546
0.172534944374 0.943545320976 0.282757685123
-0.41048764892 0.329823341186 -0.850126669231
-0.213442890982
0 0 0

00000003.jpg
D:\document\project\3dSurface3\code\expr3\sfm_images\0.jpg
1891.70422363
960 540
0.653651546099 -0.157797377176 0.390503287224
-0.0119048431671 0.0137780648602 -0.777380766702
0.308922768651 0.977138055246 0.148685950223
0.86892568666 0.147651854902 0.467030147964 0.0710655172623
0.553665757264 0.0144141427868 0.832614940851
0.261416756327 0.94629728971 -0.190217411545
-0.790643027193 0.322976546086 0.520164348778
-0.275893417506
0 0 0

00000004.jpg
D:\document\project\3dSurface3\code\expr3\sfm_images\4.jpg
1835.22473145
960 540
-0.733809050101 -0.380329754049 1.17568538701
-1.43338957977 0.0124743363463 -0.102963450456
0.186488328116 -2.01563415796 -0.314438053605
0.519731711346 0.0777744776897 -0.840615042416 -0.131135581685
-0.447660032331 0.0055538353242 -0.894186661986
-0.267067445826 0.953508837234 0.139625563967
0.853390516326 0.301313013521 -0.425364597788
-0.103503353282
0 0 0

00000005.jpg
D:\document\project\3dSurface3\code\expr3\sfm_images\5.jpg
1900.75891113
960 540
-0.486348842558 -0.481911276181 1.25628725793
-1.34982730067 0.00125340581198 -0.474337617147
0.301052086038 -1.56707413539 -0.256335891493
0.690877933084 0.134670071368 -0.701001572287 -0.114667110452
-0.00910311572043 -0.030365891047 -0.999497514181
-0.347249796095 0.937430802916 -0.0253174945592
0.937728555219 0.346844827662 -0.0190784135073
-0.0699182499942
0 0 0

00000006.jpg
D:\document\project\3dSurface3\code\expr3\sfm_images\6.jpg
1848.37060547
960 540
0.407294976466 -0.528265958417 1.3622646345
-0.957399401772 2.42861286637e-017 -1.17648034839
0.372314816314 -0.409324750125 -0.061470566451
0.961506512998 0.183762605637 -0.202029517331 -0.030339892387
0.916527118395 -0.0159069815407 -0.399656092036
-0.132594998076 0.930621384309 -0.341118818629
0.377354694889 0.365636950035 0.850830595449
-0.0998045719772
0 0 0

00000007.jpg
D:\document\project\3dSurface3\code\expr3\sfm_images\7.jpg
1861.74108887
960 540
0.657978166522 -0.423215921755 1.04036612789
-0.657986567244 0.000343605633594 -1.12314848102
0.383378221659 0.000872235353401 -0.00449430285203
0.981681206419 0.19051717066 0.000433451360279 -0.00223341289381
0.999989608821 0.0045501769682 0
-0.0042198208879 0.927396411947 -0.374056222097
-0.00170204421713 0.374052281651 0.92740594338
-0.0810827377583
0 0 0

00000008.jpg
D:\document\project\3dSurface3\code\expr3\sfm_images\8.jpg
1917.36206055
960 540
0.761146735741 -0.191559122985 0.426013643216
-0.0410494000105 -0.000248417252241 -0.89209962817
0.338453916559 0.974828662375 0.121737838316
0.868050670709 0.161716211803 0.465781575343 0.0581673932029
0.559328239999 0.0496643011029 0.827457255111
0.251633279835 0.940928899663 -0.226569157451
-0.789830780411 0.334942307028 0.51379072801
-0.0640735444028
0 0 0

