<?xml version="1.0"?>
<opencv_storage>
<intrinsics type_id="opencv-matrix">
  <rows>3</rows>
  <cols>3</cols>
  <dt>d</dt>
  <data>
    1.4101298485283955e+03 0. 6.5688215371654451e+02 0.
    1.4069030920517137e+03 4.7445100387307696e+02 0. 0. 1.</data></intrinsics>
<distorsion type_id="opencv-matrix">
  <rows>1</rows>
  <cols>5</cols>
  <dt>d</dt>
  <data>
    -1.1995611264009949e-02 -3.2757776769888274e-02
    1.5897934569228398e-03 3.7855202761564806e-03 0.</data></distorsion>
</opencv_storage>