<?xml version="1.0"?>
<opencv_storage>
<intrinsics type_id="opencv-matrix">
  <rows>3</rows>
  <cols>3</cols>
  <dt>d</dt>
  <data>
    7.9295628051868721e+02 0. 3.3641645521614981e+02 0.
    7.9083616886101879e+02 2.2334291872644542e+02 0. 0. 1.</data></intrinsics>
<distorsion type_id="opencv-matrix">
  <rows>1</rows>
  <cols>5</cols>
  <dt>d</dt>
  <data>
    -8.8878468679018552e-02 -1.7856483788269012e-02
    -3.0764452052146020e-03 2.8167853777036835e-03 0.</data></distorsion>
</opencv_storage>
