<?xml version="1.0"?>
<opencv_storage>
<intrinsics type_id="opencv-matrix">
  <rows>3</rows>
  <cols>3</cols>
  <dt>d</dt>
  <data>
    8.4482469763138852e+02 0. 3.7296175480097992e+02 0.
    8.4528216122807760e+02 3.3503149673423064e+02 0. 0. 1.</data></intrinsics>
<distorsion type_id="opencv-matrix">
  <rows>1</rows>
  <cols>5</cols>
  <dt>d</dt>
  <data>
    -4.3226862465541797e-02 5.0295392086221857e-01
    1.0173453633716798e-02 -1.0785370507355287e-02 0.</data></distorsion>
</opencv_storage>