# Camera parameter file. 

# The format of each camera is as follows:
# Filename (of the undistorted image in visualize folder)
# Original filename
# Focal Length (of the undistorted image)
# 2-vec Principal Point (image center)
# 3-vec Translation T (as in P = K[R T])
# 3-vec Camera Position C (as in P = K[R -RC])
# 3-vec Axis Angle format of R
# 4-vec Quaternion format of R
# 3x3 Matrix format of R
# [Normalized radial distortion] = [radial distortion] * [focal length]^2
# 3-vec Lat/Lng/Alt from EXIF

# The nubmer of cameras in this reconstruction
10

00000000.jpg
D:\document\project\3dSurface3\code\expr6\sfm_images\0.jpg
1703.98413086
960 540
0.00954044026894 0.0264061544825 -0.276698463506
0.123888605126 0.000235062787842 0.249001677815
0.102520586637 -0.497423620768 0.0154266216396
0.967901124035 0.0507106446508 -0.246044948641 0.00763060331383
0.878808055368 -0.0397255863642 -0.475520516383
-0.0101829082661 0.994741205816 -0.101920738225
0.477068213028 0.094410821607 0.87378108245
-0.0848973207443
0 0 0

00000001.jpg
D:\document\project\3dSurface3\code\expr6\sfm_images\3.jpg
1688.88330078
960 540
-1.0487195019 -0.0954914862438 0.560780722242
1.04274002132 0 0.579741444785
0.0629003061775 1.00003635432 0.0840589349348
0.876252978291 0.0301418352969 0.479217557346 0.0402810530825
0.537455665785 -0.0417037765203 0.842259896882
0.0994817944085 0.994937674745 -0.014216962153
-0.837403350613 0.0914305296473 0.538883787322
-0.0736826527506
0 0 0

00000002.jpg
D:\document\project\3dSurface3\code\expr6\sfm_images\2.jpg
1671.0213623
960 540
-0.862893490157 -0.0659018396318 0.307716036238
0.887288259484 -0.0004307251918 0.237354732881
0.0910072343917 0.606382861072 0.0697209900401
0.952771088864 0.0447849738279 0.29840309668 0.0343099395896
0.819556497232 -0.038651094856 0.571692767748
0.0921069791507 0.993634625677 -0.0648633289657
-0.56554660563 0.105815984149 0.817899868193
-0.06208666819
0 0 0

00000003.jpg
D:\document\project\3dSurface3\code\expr6\sfm_images\1.jpg
1725.13806152
960 540
-0.456358670123 -0.00484208923006 -0.158128744092
0.456817049265 0 0.156874553338
0.0990477118134 -0.00221891653688 0.0447613640569
0.998522969477 0.049499470756 -0.00110891198006 0.0223696619596
0.998996580485 -0.0447830355519 5.55111512313e-017
0.0445634495925 0.994098519521 -0.0989023011555
0.00442909633287 0.0988031329519 0.99509738229
-0.0798013975794
0 0 0

00000004.jpg
D:\document\project\3dSurface3\code\expr6\sfm_images\4.jpg
1679.31884766
960 540
-0.80383098373 -0.158944364741 1.24540376769
1.12685073858 -0.00282779297245 0.976031165365
0.0402684322946 1.71056900822 0.118713873536
0.654271043399 0.0177554753735 0.754237604232 0.0523442592112
-0.143228001382 -0.0417110680276 0.988810241778
0.0952782643327 0.993889118927 0.0557261866253
-0.985093055387 0.10219376022 -0.138378724625
-0.0286604310658
0 0 0

00000005.jpg
D:\document\project\3dSurface3\code\expr6\sfm_images\5.jpg
1835.5369873
960 540
0.194173140789 -0.180304678345 1.77875852243
0.856885988864 -0.0303857645318 1.58082776877
-0.00504168472951 2.74717211867 0.173860223635
0.193235953638 -0.0017970381461 0.979191154546 0.0619700498391
-0.925313339357 -0.0274689774647 0.37820706401
0.0204303892458 0.992313226509 0.122056535131
-0.378652682158 0.120667525612 -0.917639352039
-0.128454949884
0 0 0

00000006.jpg
D:\document\project\3dSurface3\code\expr6\sfm_images\6.jpg
1758.75256348
960 540
0.890834237905 -0.102081744125 1.42645496326
0.224044274593 -0.0112168328054 1.66986703109
0.0792992934819 -2.71547509693 -0.127915937151
0.209414634154 0.0285114876874 -0.976329439923 -0.0459912504509
-0.910664916586 -0.0364107799994 -0.411537791997
-0.0749357435492 0.994143969371 0.077863573984
0.406292897902 0.101746465037 -0.908061096795
-0.197290113591
0 0 0

00000007.jpg
D:\document\project\3dSurface3\code\expr6\sfm_images\9.jpg
1740.80224609
960 540
0.0945198142052 0.0405220777898 -0.2747455275
0.0586895274984 -0.00393760390295 0.287404077377
0.128677945261 -0.529317176631 -0.0276387732692
0.963042696812 0.0635444041239 -0.261390127992 -0.0136487210341
0.862978125031 -0.00693119540963 -0.505194241613
-0.0595083998604 0.991551752379 -0.115256610734
0.501725173513 0.129527286525 0.85527506612
-0.0455025940756
0 0 0

00000008.jpg
D:\document\project\3dSurface3\code\expr6\sfm_images\7.jpg
1764.73754883
960 540
0.972183707406 -0.0129249297047 0.685066249626
-0.198186640145 0 1.17275114622
0.0780047155722 -2.01651666376 -0.0465268477403
0.532470075776 0.0327099430085 -0.845591765363 -0.0195102376412
-0.430811357583 -0.0345413875859 -0.901781052452
-0.0760958584468 0.99709881357 -0.00183862775723
0.899228193063 0.0678296355722 -0.432189929597
-0.0614437199258
0 0 0

00000009.jpg
D:\document\project\3dSurface3\code\expr6\sfm_images\8.jpg
1663.12670898
960 540
0.710734527527 0.0282063662723 -0.106825607352
-0.141384943024 0.00905168008756 0.705180170218
0.0771068753326 -1.22250085975 0.00275291355073
0.818232566629 0.0361879136471 -0.57374592545 0.00129200149043
0.341628194972 -0.0436396226625 -0.938821680901
-0.0394109918801 0.997377739841 -0.060702829077
0.939008723796 0.0577376887806 0.339012197554
-0.105516390388
0 0 0

