# Camera parameter file. 

# The format of each camera is as follows:
# Filename (of the undistorted image in visualize folder)
# Original filename
# Focal Length (of the undistorted image)
# 2-vec Principal Point (image center)
# 3-vec Translation T (as in P = K[R T])
# 3-vec Camera Position C (as in P = K[R -RC])
# 3-vec Axis Angle format of R
# 4-vec Quaternion format of R
# 3x3 Matrix format of R
# [Normalized radial distortion] = [radial distortion] * [focal length]^2
# 3-vec Lat/Lng/Alt from EXIF

# The nubmer of cameras in this reconstruction
11

00000000.jpg
D:\document\project\3dSurface3\code\expr11\sfm_images_merge\9.jpg
1972.21496582
960 540
-0.130686698867 0.147053666587 -0.357735463233
0.130592043281 -0.00583629892202 0.386768832861
0.382103060867 -0.00407019319753 0.0210435243443
0.981747977838 0.18988775097 -0.0020226999243 0.0104576694601
0.999772819973 -0.0213017687646 6.93889390391e-018
0.0197654146166 0.927666467848 -0.372886130961
0.00794312624183 0.372801531162 0.927877080131
-0.122312975278
0 0 0

00000001.jpg
D:\document\project\3dSurface3\code\expr11\sfm_images_merge\10.jpg
1998.88037109
960 540
-1.22149265007 -0.00952357847589 -0.0477811373654
1.08920246003 8.32667268469e-017 0.555028415504
0.367097813316 0.428448627724 0.103783478839
0.959143742732 0.181042323889 0.211298821231 0.0511830948287
0.905466004173 -0.021675812641 0.423864516267
0.174691967913 0.929208044875 -0.325661421422
-0.386799252655 0.368921027089 0.845152827839
-0.0787186677076
0 0 0

00000002.jpg
D:\document\project\3dSurface3\code\expr11\sfm_images_merge\8.jpg
1944.58996582
960 540
1.35143767559 -0.0434356842898 0.26813340859
-1.2222381223 -0.0404838934748 0.636129936647
0.391589221477 -0.66694005936 -0.117844470676
0.92446568088 0.190839591842 -0.325030827537 -0.0574310768815
0.782113154229 -0.0178713964524 -0.622880080659
-0.230243634824 0.920563567423 -0.315515517577
0.579039300485 0.390183095266 0.715870458849
-0.318574354671
0 0 0

00000003.jpg
D:\document\project\3dSurface3\code\expr11\sfm_images_merge\7.jpg
1743.765625
960 540
2.02838513702 -0.453679925041 1.05198277735
-1.79180708949 0.047682827652 1.48794932438
0.365704348212 -1.19427522133 -0.224962709131
0.805335460524 0.170825656657 -0.557862792471 -0.105083252902
0.355493263385 -0.0213399351533 -0.934435209714
-0.359849014632 0.919552130094 -0.157899823877
0.862631545821 0.392388011616 0.319215422432
-0.228168819898
0 0 0

00000004.jpg
D:\document\project\3dSurface3\code\expr11\sfm_images_merge\6.jpg
1787.07727051
960 540
2.27617011064 -0.99889345681 2.3769843146
-2.11006508675 0 2.71595562713
0.314817907297 -1.73326968105 -0.350218973862
0.623135034279 0.137087658297 -0.754753386845 -0.152503075286
-0.18581943299 -0.0168747332738 -0.982439176099
-0.396994769459 0.915899629308 0.0593561443129
0.898813934236 0.401052634921 -0.176891112537
-0.480113145068
0 0 0

00000005.jpg
D:\document\project\3dSurface3\code\expr11\sfm_images_merge\5.jpg
1790.70544434
960 540
1.73545584208 -1.5146846173 3.63903164292
-1.39972696246 -0.011220714321 4.07299219597
0.243665560664 -2.36073772563 -0.47770433418
0.352608093941 0.0941869350394 -0.912523912705 -0.184652714027
-0.73359265831 -0.0416755711577 -0.67831038267
-0.302115737293 0.914064306662 0.270577864001
0.608742887467 0.403422166555 -0.683141776702
-0.308316849423
0 0 0

00000006.jpg
D:\document\project\3dSurface3\code\expr11\sfm_images_merge\4.jpg
1858.7911377
960 540
-0.598215450676 -1.94189879381 4.36530483177
0.403674673448 -0.0575808330439 4.79775468046
-0.00741034495369 2.86043120187 0.624019948483
0.106734555271 -0.00251664211933 0.971436780214 0.211924666864
-0.977202804442 -0.0501289746204 0.206305047143
0.040349765654 0.910163204525 0.412280056527
-0.208438443696 0.411205605817 -0.887391338928
0
0 0 0

00000007.jpg
D:\document\project\3dSurface3\code\expr11\sfm_images_merge\3.jpg
1770.30371094
960 540
-1.72189234064 -1.70249841968 3.54331161998
1.47312707374 0 4.03092634839
0.138705218165 2.32172706278 0.526421538214
0.369479057525 0.0540489472488 0.904702110001 0.205129484859
-0.721127850778 -0.0537857198987 0.690711032801
0.249378475047 0.910001205655 0.331222185941
-0.646362898976 0.411102002299 -0.642814259077
0
0 0 0

00000008.jpg
D:\document\project\3dSurface3\code\expr11\sfm_images_merge\2.jpg
1834.80554199
960 540
-2.35081047692 -0.953641003524 2.08116364559
2.34671111784 0.0414836414761 2.29307849649
0.27051366316 1.51815008795 0.316832173971
0.705876024731 0.121716012438 0.683082594901 0.142556750654
0.0261514851462 -0.0349705972824 0.999046132613
0.36753897252 0.929725597611 0.022923248022
-0.929640373993 0.366588908045 0.0371667664042
0
0 0 0

00000009.jpg
D:\document\project\3dSurface3\code\expr11\sfm_images_merge\1.jpg
1321.12878418
960 540
-1.97680444265 -0.308305486493 -0.0892350486977
1.33889382071 0.268737653211 1.46489404887
0.348312411343 0.831038485106 0.185419931917
0.896061291271 0.168079469636 0.40102075974 0.0894750884597
0.662353097679 -0.025543611279 0.748756201198
0.295157041928 0.927486994693 -0.229456274794
-0.688600518 0.372981751599 0.621863258488
0
0 0 0

00000010.jpg
D:\document\project\3dSurface3\code\expr11\sfm_images_merge\0.jpg
1527.26000977
960 540
-0.661087041861 -0.0349940269316 -0.446157062704
0.534599943043 0.181866425126 0.564308659237
0.376833255618 0.262391700582 0.0772434849296
0.973019793969 0.186719053711 0.130013817262 0.0382737728064
0.963263068459 -0.0259301610704 0.267304928881
0.123034393052 0.927342202174 -0.353410426191
-0.238719141862 0.373314914499 0.896464807192
0
0 0 0

