# Camera parameter file. 

# The format of each camera is as follows:
# Filename (of the undistorted image in visualize folder)
# Original filename
# Focal Length (of the undistorted image)
# 2-vec Principal Point (image center)
# 3-vec Translation T (as in P = K[R T])
# 3-vec Camera Position C (as in P = K[R -RC])
# 3-vec Axis Angle format of R
# 4-vec Quaternion format of R
# 3x3 Matrix format of R
# [Normalized radial distortion] = [radial distortion] * [focal length]^2
# 3-vec Lat/Lng/Alt from EXIF

# The nubmer of cameras in this reconstruction
3

00000000.jpg
D:\document\project\3dSurface3\code\sfm_images\2.jpg
3019.65649414
2016 1512
0.0242217380643 0.00929058864677 -0.115215071954
0.00567888995738 -0.00999434046105 0.117538853374
0.00402381280994 -0.244869108219 -0.125932851538
0.99053546389 0.00200555513739 -0.122048047753 -0.0627676508073
0.962329254826 0.123857617508 -0.242037624075
-0.124836718931 0.992112198864 0.011348183136
0.241534054316 0.0192944770895 0.970200567202
-0.0111537247362
35.5991333333 139.679825 39.9996489996

00000001.jpg
D:\document\project\3dSurface3\code\sfm_images\3.jpg
3017.63305664
2016 1512
-0.879753317951 -0.276833088795 0.299052940498
0.879753222052 0.276833113751 -0.299052926787
0 0 0
1.00000005411 0 0 0
1.00000014324 -6.84637327109e-008 3.73174360024e-008
-6.84637327109e-008 1.00000013098 3.2937844674e-009
3.73174360024e-008 3.2937844674e-009 1.00000015868
-0.0701164081983
35.5991361111 139.679825 39.9996489996

00000002.jpg
D:\document\project\3dSurface3\code\sfm_images\4.jpg
2839.19238281
2016 1512
-1.60085826208 -0.545656839994 0.670589285623
1.69345946381 0.517745838779 -0.41750858746
-0.0186783904782 0.147328109746 0.0230824425319
0.99717793283 -0.00933040830637 0.0735947468567 0.0115303625215
0.988901646506 -0.0243689916584 0.146559011677
0.0216223005974 0.999559905439 0.0203052858986
-0.146989218474 -0.016911023171 0.988993766944
-0.112651973336
35.5991361111 139.679825 39.9996489996

