# Camera parameter file. 

# The format of each camera is as follows:
# Filename (of the undistorted image in visualize folder)
# Original filename
# Focal Length (of the undistorted image)
# 2-vec Principal Point (image center)
# 3-vec Translation T (as in P = K[R T])
# 3-vec Camera Position C (as in P = K[R -RC])
# 3-vec Axis Angle format of R
# 4-vec Quaternion format of R
# 3x3 Matrix format of R
# [Normalized radial distortion] = [radial distortion] * [focal length]^2
# 3-vec Lat/Lng/Alt from EXIF

# The nubmer of cameras in this reconstruction
3

00000000.jpg
D:\document\project\3dSurface3\code\sfm_images\11.jpg
3106.04882813
2016 1512
-0.006730467077 0.00105214882357 -0.0372222531214
0.0135651076812 0.000726818938734 0.0353180709158
0.0226628700345 -0.187319594072 -0.093655782692
0.994458219581 0.0113104951654 -0.0934867190216 -0.0467413560478
0.978151336836 0.0908499406445 -0.186994714656
-0.09507936222 0.995374213478 -0.013756240182
0.184879829955 0.031235019357 0.982263051654
-0.0306754994546
35.599025 139.679688889 39.9996489996

00000001.jpg
D:\document\project\3dSurface3\code\sfm_images\12.jpg
3110.79174805
2016 1512
-0.989087732144 -0.104939689533 -0.0177784699118
0.98908752665 0.104939657678 0.0177785307119
0 0 0
0.999999964653 0 0 0
1.00000020742 1.0683325169e-008 -4.38891542553e-008
1.0683325169e-008 1.00000021081 -4.69513852241e-008
-4.38891542553e-008 -4.69513852241e-008 0.999999298998
-0.0179776415666
35.5990444444 139.679580556 39.9996489996

00000002.jpg
D:\document\project\3dSurface3\code\sfm_images\13.jpg
3086.05419922
2016 1512
-1.67454723284 -0.359475778069 0.213122205427
1.71513599078 0.165723315316 0.097940883684
0.0499355464771 0.190486194973 0.11213251824
0.993587835665 0.0249143845693 0.0950394388667 0.0559463724589
0.975675749195 -0.106439554949 0.191647811213
0.11591098555 0.992498437161 -0.0388750467015
-0.186072310253 0.060143471063 0.980692962368
-0.0399508939875
35.5990444444 139.679580556 39.9996489996

