# Camera parameter file. 

# The format of each camera is as follows:
# Filename (of the undistorted image in visualize folder)
# Original filename
# Focal Length (of the undistorted image)
# 2-vec Principal Point (image center)
# 3-vec Translation T (as in P = K[R T])
# 3-vec Camera Position C (as in P = K[R -RC])
# 3-vec Axis Angle format of R
# 4-vec Quaternion format of R
# 3x3 Matrix format of R
# [Normalized radial distortion] = [radial distortion] * [focal length]^2
# 3-vec Lat/Lng/Alt from EXIF

# The nubmer of cameras in this reconstruction
11

00000000.jpg
D:\document\project\3dSurface3\code\expr5\sfm_images\0.jpg
1731.60144043
960 540
0.00527819555293 0.0239166658625 -0.249922772709
0.115636565016 -3.46944695195e-018 0.222911223435
0.102704070634 -0.501051878652 0.0161022929733
0.967445705939 0.0507935733855 -0.247801428035 0.00796358892849
0.877062227991 -0.0405821123041 -0.478659877503
-0.0097647526531 0.994713356417 -0.10222681055
0.480277832411 0.0943332872949 0.872029191355
-0.059210228905
0 0 0

00000001.jpg
D:\document\project\3dSurface3\code\expr5\sfm_images\3.jpg
1728.43139648
960 540
-1.00715052038 -0.0953936144467 0.57213891094
1.02513041951 1.38777878078e-017 0.547633570885
0.0608793688672 1.00873718025 0.0849570180072
0.874171690793 0.0291519160788 0.483030986873 0.0406814312523
0.530052315364 -0.042962617884 0.846876073022
0.0992876042827 0.994989818027 -0.0116667956889
-0.84213198498 0.0902683233851 0.531662446542
-0.0475059524476
0 0 0

00000002.jpg
D:\document\project\3dSurface3\code\expr5\sfm_images\2.jpg
1720.16503906
960 540
-0.833060030723 -0.0669802983977 0.333045481654
0.876085237234 -0.0013728391368 0.204616549959
0.0898183823961 0.612142750923 0.0706344556698
0.951918327536 0.0441870875334 0.301149993981 0.0347493552243
0.816201979063 -0.0395432091126 0.576411047022
0.0927709833197 0.993679591865 -0.063195417486
-0.570269747409 0.105054576368 0.814712438266
-0.0490380130496
0 0 0

00000003.jpg
D:\document\project\3dSurface3\code\expr5\sfm_images\1.jpg
1750.83996582
960 540
-0.443992812726 -0.00726571117211 -0.133341607234
0.444459723196 -3.46944695195e-018 0.131977006273
0.0986697039033 -0.00226195356339 0.0458054967521
0.998520524786 0.0493105196542 -0.00113041897596 0.0228914525788
0.998949487556 -0.0458266635302 0
0.0456036774383 0.994088923923 -0.0985269104522
0.0045149861964 0.0984233533983 0.995134542199
-0.0453502009358
0 0 0

00000004.jpg
D:\document\project\3dSurface3\code\expr5\sfm_images\4.jpg
1760.72399902
960 540
-0.756631140416 -0.156916265311 1.24591617669
1.11886132604 -0.00623338752122 0.947380874638
0.0395855209503 1.72648003855 0.121887542038
0.648172071026 0.0174119786711 0.759404774413 0.053613119931
-0.159139739062 -0.0430556140392 0.986317206287
0.0959464938804 0.993645252821 0.0588561806034
-0.982582655226 0.104000013707 -0.153997379125
-0.0407449403562
0 0 0

00000005.jpg
D:\document\project\3dSurface3\code\expr5\sfm_images\5.jpg
2008.29968262
960 540
0.23431082243 -0.181602023009 1.77012743425
0.828768898747 -0.0444158939042 1.59135195966
-0.00592826726509 2.78572009137 0.189180173443
0.173836468505 -0.00209086844496 0.982508712087 0.0667228445305
-0.939552838108 -0.0273060973301 0.341312630749
0.0190893573172 0.991087316053 0.131838456712
-0.341870748391 0.130384579965 -0.930658006815
-0.154526900494
0 0 0

00000006.jpg
D:\document\project\3dSurface3\code\expr5\sfm_images\6.jpg
1678.61999512
960 540
0.888255053862 -0.0856353126895 1.29537537698
0.201291802454 -0.0023670876886 1.56006528019
0.0850099834065 -2.66799544755 -0.114662323045
0.232737410832 0.0309436612243 -0.971151198585 -0.0417371223627
-0.889751397529 -0.0406742920849 -0.454629482458
-0.0795294512621 0.99460071021 0.0666627529624
0.449463379482 0.0954697433424 -0.888182503077
-0.148880308428
0 0 0

00000007.jpg
D:\document\project\3dSurface3\code\expr5\sfm_images\7.jpg
1726.49597168
960 540
0.929119414535 -0.00538854948847 0.61127473181
-0.181873590911 0.000630484789938 1.09721031167
0.0833941517099 -1.98747186858 -0.0420093549747
0.544643635498 0.0351516427896 -0.837743411812 -0.0177074508178
-0.40425523468 -0.0396076822442 -0.913788161676
-0.0781846837994 0.996901424363 -0.00862160225155
0.91129830802 0.0679588718391 -0.406099430927
-0.016144247768
0 0 0

00000008.jpg
D:\document\project\3dSurface3\code\expr5\sfm_images\8.jpg
1606.92431641
960 540
0.645080141572 0.0262830663095 -0.149889702057
-0.105241319263 0.0117209525781 0.654272879055
0.0753985906956 -1.18200434601 0.00836235411858
0.829704547582 0.0355339538187 -0.557056669856 0.00394102200484
0.379344594367 -0.0461286241872 -0.924104855856
-0.033049088669 0.997443552489 -0.0633561101286
0.924664953106 0.0545746221792 0.376850398255
-0.0426303330857
0 0 0

00000009.jpg
D:\document\project\3dSurface3\code\expr5\sfm_images\9.jpg
1661.83752441
960 540
0.0781018064051 0.0296870023722 -0.287124621462
0.0774371965281 0.00627502949758 0.288766103802
0.121855457427 -0.526300920842 -0.0160983291333
0.963709086887 0.0601888889697 -0.25995936791 -0.00795155641985
0.864715801307 -0.0159673544109 -0.502007598273
-0.0466193031177 0.992628163824 -0.111874990927
0.500093222033 0.120143325992 0.857596851467
-0.0645784799423
0 0 0

00000010.jpg
D:\document\project\3dSurface3\code\expr5\sfm_images\10.jpg
1571.18457031
960 540
-0.499113558491 -0.0176418066089 -0.19103290285
0.492560223266 0.00680415315876 0.207983847068
0.107218737115 0.0367810077676 0.0649674643188
0.99786708416 0.0535712483778 0.0183774268913 0.0324606338514
0.997217120944 -0.0628137901479 0.0401543942979
0.0667518020575 0.992152907324 -0.105720884406
-0.0331985232476 0.108107057248 0.993584842335
-0.517031909397
0 0 0

