# Camera parameter file. 

# The format of each camera is as follows:
# Filename (of the undistorted image in visualize folder)
# Original filename
# Focal Length (of the undistorted image)
# 2-vec Principal Point (image center)
# 3-vec Translation T (as in P = K[R T])
# 3-vec Camera Position C (as in P = K[R -RC])
# 3-vec Axis Angle format of R
# 4-vec Quaternion format of R
# 3x3 Matrix format of R
# [Normalized radial distortion] = [radial distortion] * [focal length]^2
# 3-vec Lat/Lng/Alt from EXIF

# The nubmer of cameras in this reconstruction
11

00000000.jpg
D:\document\project\3dSurface3\code\expr5\sfm_images\0.jpg
1723.24206543
960 540
-0.0131436554136 0.0267912968128 -0.267128728927
0.140117135669 0.000194297854367 0.229380510043
0.110041439127 -0.500849216069 0.01209666698
0.96729169019 0.0544195229591 -0.247688285697 0.00598224497671
0.877229413102 -0.0385312792495 -0.478522480874
-0.0153849758309 0.994005257822 -0.108242549253
0.479824801174 0.102315660117 0.871378184717
-0.130746511132
0 0 0

00000001.jpg
D:\document\project\3dSurface3\code\expr5\sfm_images\3.jpg
1723.85095215
960 540
-1.04387034546 -0.0952676784886 0.606019239189
1.07248435814 0.0069226801321 0.561898934358
0.0656587264296 1.01039816729 0.0748210700686
0.873891661755 0.0314373798228 0.483778359473 0.0358243073907
0.529350014975 -0.0321956951684 0.847792344468
0.0930305588991 0.995456539966 -0.0202836618375
-0.843287153457 0.0896077945407 0.529939991
-0.118001996054
0 0 0

00000002.jpg
D:\document\project\3dSurface3\code\expr5\sfm_images\2.jpg
1703.95324707
960 540
-0.871627368228 -0.0666983085106 0.350072811186
0.917052640424 0.00290751708049 0.213868900423
0.0951789785838 0.613671778189 0.0617494209078
0.951710576802 0.0468209714615 0.301880827477 0.0303761178898
0.815890503754 -0.0295498139998 0.57745068969
0.0860872767117 0.993769978094 -0.0707800856512
-0.571762016086 0.107459969373 0.813351606141
-0.115279509136
0 0 0

00000003.jpg
D:\document\project\3dSurface3\code\expr5\sfm_images\1.jpg
1768.84887695
960 540
-0.47611126579 -0.00539280639302 -0.126954201782
0.47647879498 -3.46944695195e-018 0.1256837502
0.105313045127 -0.00206842655741 0.0392407482376
0.998420993106 0.052628804641 -0.00103366887809 0.0196100461293
0.999228655726 -0.0392669855475 0
0.0390493413776 0.99369113091 -0.10513194196
0.0041281468312 0.105050871622 0.994458131266
-0.102613207537
0 0 0

00000004.jpg
D:\document\project\3dSurface3\code\expr5\sfm_images\4.jpg
1783.46972656
960 540
-0.767526130187 -0.160023955807 1.31359787301
1.17678033916 0.000751582878198 0.977462167143
0.0456825818782 1.73449206721 0.112419951507
0.64531093535 0.0200708535555 0.762057108924 0.0493922254532
-0.166341968145 -0.0331563839545 0.98551027347
0.0943369888704 0.99431517541 0.049375549673
-0.98154486953 0.101183314798 -0.162268394135
-0.110473492077
0 0 0

00000005.jpg
D:\document\project\3dSurface3\code\expr5\sfm_images\5.jpg
1797.08117676
960 540
0.306745892801 -0.150356447545 1.73304379681
0.812953401424 -2.77555756156e-017 1.56819884979
-0.0124109027336 2.83406972513 0.13328855106
0.151594455829 -0.00432374739295 0.987341682435 0.0464354638439
-0.954000745701 -0.0226169075023 0.298949497662
0.00554052798804 0.9956500566 0.0930062258949
-0.299752602603 0.0903844013622 -0.949725794746
-0.0380500734154
0 0 0

00000006.jpg
D:\document\project\3dSurface3\code\expr5\sfm_images\6.jpg
1824.4855957
960 540
0.937663159389 -0.0713221100914 1.36704859752
0.189238463705 0.0102349094435 1.64839440114
0.0984881322552 -2.65414355386 -0.0905738256912
0.239683723506 0.035980001349 -0.96962026248 -0.0330887214117
-0.882514163898 -0.0539120865344 -0.467185370782
-0.0856353983505 0.995221113124 0.0469193678961
0.462423408811 0.0814146506764 -0.882913799971
-0.144812262015
0 0 0

00000007.jpg
D:\document\project\3dSurface3\code\expr5\sfm_images\7.jpg
1900.11608887
960 540
0.955144253401 0.0168278728493 0.617609542604
-0.238205219043 0 1.1123323425
0.106355825289 -1.93154825688 -0.0252880786517
0.567508538416 0.0452642193202 -0.822052047354 -0.0107624113222
-0.351770387111 -0.0622035081322 -0.934017429698
-0.0866345494094 0.995670571142 -0.0336811879296
0.932068793887 0.0690701358662 -0.355636419329
-0.141300640338
0 0 0

00000008.jpg
D:\document\project\3dSurface3\code\expr5\sfm_images\8.jpg
1833.28063965
960 540
0.624406348488 0.0627054170713 -0.109536959291
-0.153564084806 -0.0107689613884 0.618155068949
0.118473159226 -1.14791811326 0.00754323038551
0.838092007875 0.0560037132722 -0.542634950355 0.00356577738297
0.411069275657 -0.0667560414206 -0.909156606235
-0.0548022433145 0.993701740721 -0.0977423639613
0.90995545411 0.0900026940576 0.404821838277
-0.276828278324
0 0 0

00000009.jpg
D:\document\project\3dSurface3\code\expr5\sfm_images\9.jpg
1346.57055664
960 540
0.0162274746199 0.0379956673798 -0.428041942252
0.185195614301 0.0193034353196 0.387629812259
0.133961910062 -0.483087716683 -0.0172589061645
0.968712349963 0.0662809280937 -0.239019451107 -0.0085392655116
0.885593606349 -0.0151406876038 -0.464214189914
-0.0482290554466 0.991067781342 -0.124332208513
0.461950186762 0.132496405932 0.876953080196
-0.105565999811
0 0 0

00000010.jpg
D:\document\project\3dSurface3\code\expr5\sfm_images\10.jpg
2332.69091797
960 540
-0.593096539671 0.0032364647857 0.13954595265
0.602628534684 -0.0545753315885 -0.0714663462413
0.1421425517 0.106664667865 0.0605340953689
0.99559746312 0.0709669472352 0.0532540450814 0.0302226173696
0.992501220687 -0.0526205658147 0.110328873185
0.0677376789136 0.98810056242 -0.138090071532
-0.101749495551 0.144527979 0.98425545118
-0.027728166383
0 0 0

