# Camera parameter file. 

# The format of each camera is as follows:
# Filename (of the undistorted image in visualize folder)
# Original filename
# Focal Length (of the undistorted image)
# 2-vec Principal Point (image center)
# 3-vec Translation T (as in P = K[R T])
# 3-vec Camera Position C (as in P = K[R -RC])
# 3-vec Axis Angle format of R
# 4-vec Quaternion format of R
# 3x3 Matrix format of R
# [Normalized radial distortion] = [radial distortion] * [focal length]^2
# 3-vec Lat/Lng/Alt from EXIF

# The nubmer of cameras in this reconstruction
11

00000000.jpg
D:\document\project\3dSurface3\code\expr9\sfm_images\6.jpg
1752.57226563
960 540
-0.302715663928 0.00243553176268 -0.676200092493
0.168579193724 0.00185318386535 -0.721433776054
0.0990109207698 -2.48962040196 -0.0171424311491
0.319283495641 0.0376572810192 -0.946888831846 -0.00651986005295
-0.793280659649 -0.0671511255927 -0.605143168787
-0.0754778604279 0.997079557204 -0.0116998865656
0.604160736073 0.036393506715 -0.7960310952
-0.0432485766598
0 0 0

00000001.jpg
D:\document\project\3dSurface3\code\expr9\sfm_images\7.jpg
1777.2713623
960 540
-1.52859990845 -0.0667079047247 0.143495840887
-0.217033453639 0.00273138942388 -1.52136369274
0.046030996532 -1.61830420323 0.0168232351029
0.689843850251 0.0205828108591 -0.723626509028 0.0075225281278
-0.0473844054505 -0.0401672178516 -0.998068789763
-0.0194097387824 0.999040651237 -0.0392848687654
0.998688398762 0.0175108332028 -0.0481180948715
-0.0504425017016
0 0 0

00000002.jpg
D:\document\project\3dSurface3\code\expr9\sfm_images\8.jpg
1778.63769531
960 540
-1.7848884106 -0.120136687883 0.696546831289
-0.1173292483 0 -1.91616079003
0.0563917726277 -1.25944749474 0.0361069422964
0.807666070142 0.0263639040896 -0.58880846283 0.0168804759863
0.306039058433 -0.0583140974421 -0.950231187671
-0.00377894663404 0.998040186939 -0.0624651686526
0.952011281289 0.0227077545858 0.30521867806
-0.038200435065
0 0 0

00000003.jpg
D:\document\project\3dSurface3\code\expr9\sfm_images\5.jpg
1835.60437012
960 540
0.725760633196 0.0578509849485 -0.307471884973
0.734079612887 1.04083408559e-017 -0.292814606348
0.105894161624 -3.12039635443 -0.0432650320745
0.0105747958423 0.0339337241083 -0.999929244219 -0.0138642550207
-0.997477750944 -0.0674668975048 -0.0220871771404
-0.0680533441702 0.997318030278 0.0269604460749
0.0202090133171 0.0283958148934 -0.999392974105
-0.0384434999552
0 0 0

00000004.jpg
D:\document\project\3dSurface3\code\expr9\sfm_images\4.jpg
1933.26818848
960 540
1.7083296162 0.0136336075752 0.983324685746
1.88945437485 -0.0107753798686 -0.561555277025
-0.0135749031471 2.32940141014 0.100009418803
0.394022183994 -0.00535116884434 0.918240087376 0.0394232857679
-0.689436074118 -0.0408944688326 0.723191963151
0.0212401278012 0.996834434803 0.0766168390375
-0.724035895483 0.0681829220976 -0.686384434769
-0.164122446918
0 0 0

00000005.jpg
D:\document\project\3dSurface3\code\expr9\sfm_images\9.jpg
1809.98046875
960 540
-1.30125009197 -0.0841261704868 2.14565410941
0.322387278327 -0.00309050698621 -2.49002280041
0.0225078083505 -0.416832369797 0.0415910504067
0.97808230603 0.0111715635302 -0.206891280932 0.0206433720542
0.913539738941 -0.045004376084 -0.404252288529
0.0357592916881 0.998897585231 -0.0303952757854
0.405174516077 0.0133115586928 0.914142665303
-0.022981702405
0 0 0

00000006.jpg
D:\document\project\3dSurface3\code\expr9\sfm_images\10.jpg
1828.41418457
960 540
-1.05241598338 -0.079395244421 2.53087160676
0.70494631996 0 -2.64995006366
0.0128224200261 -0.134704320569 0.0523973775715
0.997369391674 0.00640558723239 -0.0672930908692 0.0261757119248
0.989573459153 -0.0530758838823 -0.133896792955
0.0513515316339 0.99854749086 -0.0163003717556
0.134567483461 0.00925457480958 0.990861863783
-0.00998938025272
0 0 0

00000007.jpg
D:\document\project\3dSurface3\code\expr9\sfm_images\3.jpg
1936.54321289
960 540
1.62892723326 0.0165481644418 1.75035707851
2.13961394861 -0.00917536533509 -1.06742458284
-0.0186261517754 1.85697668866 0.0827349549382
0.598269918613 -0.00802890857741 0.800460355062 0.0356633725186
-0.284017293742 -0.0555262972061 0.957209867944
0.0298189946905 0.997327451561 0.0667011598128
-0.958355537959 0.0474873418881 -0.28160257575
-0.139552656806
0 0 0

00000008.jpg
D:\document\project\3dSurface3\code\expr9\sfm_images\2.jpg
1950.08398438
960 540
1.30261670552 -0.0394177642921 2.55462710283
2.01688976304 -0.000153147246681 -2.03878356937
0.00383382115882 1.25060127793 0.0712640266251
0.810191235117 0.0017940200623 0.585213469693 0.0333476936428
0.312825984161 -0.0519362238376 0.948389134347
0.0561358125655 0.997769465785 0.0361240775485
-0.948150160924 0.0419380748689 0.315043899896
-0.0637037874652
0 0 0

00000009.jpg
D:\document\project\3dSurface3\code\expr9\sfm_images\1.jpg
1766.77429199
960 540
0.358728042484 0.10502178071 2.93975637991
1.62983100947 0.000198421074323 -2.47498183793
-0.0471460188328 0.704439102086 0.042238731672
0.938118806884 -0.0230847313567 0.34492387335 0.0206819111695
0.761199622852 -0.0547291727985 0.646204310786
0.0228791865233 0.99807879817 0.0575798278842
-0.648113979345 -0.0290450546663 0.760989162297
-0.191759229287
0 0 0

00000010.jpg
D:\document\project\3dSurface3\code\expr9\sfm_images\0.jpg
1721.70141602
960 540
-0.827717441988 -0.267095763465 2.71138503998
0.828205086049 0.00578751879819 -2.72435438684
0.0875424106794 -0.00122710248107 0.0280150299969
0.998943937969 0.0437557958853 -0.000613335242603 0.0140025837163
0.999607072986 -0.0280292668626 -5.55111512313e-017
0.0279219176146 0.995778710194 -0.0874363491147
0.00245075009016 0.0874019990876 0.996170181637
-0.0595521533793
0 0 0

