# Camera parameter file. 

# The format of each camera is as follows:
# Filename (of the undistorted image in visualize folder)
# Original filename
# Focal Length (of the undistorted image)
# 2-vec Principal Point (image center)
# 3-vec Translation T (as in P = K[R T])
# 3-vec Camera Position C (as in P = K[R -RC])
# 3-vec Axis Angle format of R
# 4-vec Quaternion format of R
# 3x3 Matrix format of R
# [Normalized radial distortion] = [radial distortion] * [focal length]^2
# 3-vec Lat/Lng/Alt from EXIF

# The nubmer of cameras in this reconstruction
10

00000000.jpg
D:\document\project\3dSurface3\code\expr7\sfm_images\4.jpg
1729.31652832
960 540
-0.16102637658 0.304258421189 -0.14993671767
-0.370690531643 -0.0299593057627 -0.0517172167299
0.644187040958 1.99300688983 1.01240282072
0.396416006853 0.254219498585 0.786512580967 0.399530759059
-0.556453582599 0.0831327365086 0.826709197036
0.716654288993 0.551495211453 0.426918723164
-0.420435509709 0.830025437138 -0.366459026898
-0.0578433496902
0 0 0

00000001.jpg
D:\document\project\3dSurface3\code\expr7\sfm_images\5.jpg
1691.11279297
960 540
-1.09715613924 -0.160191113087 0.256843488213
-1.10123109357 0 0.287525670595
-0.167228115708 -2.71786194978 -1.47513683956
0.0224531028883 -0.053988727507 -0.877447596576 -0.476240257384
-0.993162619095 0.116120175851 0.0120148650383
0.0733478898569 0.54062291888 0.838061135708
0.0908205496985 0.833212277894 -0.545443732468
-0.0730968514465
0 0 0

00000002.jpg
D:\document\project\3dSurface3\code\expr7\sfm_images\6.jpg
1705.81762695
960 540
-1.18942142376 -0.512477365144 0.472482859806
-1.3674912719 0.00191918681022 0.174812622699
0.146176065818 -2.40695243454 -1.32108514046
0.194769356069 0.0521455363356 -0.858634585155 -0.471272043125
-0.918691525048 0.0940319289137 -0.383620370851
-0.273125480577 0.550369102805 0.788984176706
0.285322450145 0.829609586842 -0.479937169503
-0.0597888032833
0 0 0

00000003.jpg
D:\document\project\3dSurface3\code\expr7\sfm_images\3.jpg
1736.21057129
960 540
0.256531274476 0.243114025079 -0.152410403344
-0.241946310324 -0.0326456728925 -0.297553319021
0.784080309924 1.61912086282 0.782751329126
0.556235172126 0.332122820838 0.685831516787 0.331559887621
-0.160593787799 0.0867097229503 0.983204128274
0.824410807593 0.559524895361 0.0853117866907
-0.542730318883 0.824265364354 -0.161340840722
-0.05996378014
0 0 0

00000004.jpg
D:\document\project\3dSurface3\code\expr7\sfm_images\2.jpg
1712.7791748
960 540
1.13358977848 -0.329588062493 0.179164655694
-0.493328200867 0.0172136667777 -1.08723733761
0.957261831244 0.753665136803 0.415685117293
0.799908971048 0.446260202425 0.351346669775 0.193785773686
0.678004930059 0.00356164501859 0.735048464103
0.623605560351 0.526597281551 -0.57776308794
-0.389132948299 0.850107069424 0.354815236242
-0.0492160789904
0 0 0

00000005.jpg
D:\document\project\3dSurface3\code\expr7\sfm_images\1.jpg
1740.50549316
960 540
1.09814839674 -0.77053382679 0.676404015818
-0.600675269485 -5.55111512313e-017 -1.37708516626
0.805465296791 0.401906161109 0.129894989564
0.898372642989 0.388995021978 0.194098363513 0.0627320686832
0.916781163404 0.0382929010097 0.397550302454
0.263719998382 0.689495187236 -0.674572590458
-0.299940336862 0.723277353557 0.622017272045
-0.0519870936663
0 0 0

00000006.jpg
D:\document\project\3dSurface3\code\expr7\sfm_images\0.jpg
1705.11950684
960 540
0.512170986571 -1.5697384441 1.43494082101
-1.53034834415 0.04062431087 -1.5626375916
0.756379532892 -0.480604359515 -0.275885116376
0.892097958394 0.364486834506 -0.231595322231 -0.132944491994
0.857378834818 0.0683721201578 -0.510124502076
-0.406025919394 0.698950243473 -0.588737262977
0.316298354468 0.711894580719 0.627025991195
-0.114142303885
0 0 0

00000007.jpg
D:\document\project\3dSurface3\code\expr7\sfm_images\7.jpg
1757.16870117
960 540
-0.559985439214 -1.39913117078 1.03172696262
-1.72441469541 0 -0.601669609851
0.675164598717 -1.35662656136 -0.82722067448
0.649995827367 0.297192280544 -0.597156519142 -0.3641239473
0.021635696104 0.118417467353 -0.992728138071
-0.828298718205 0.558180986034 0.0485304735507
0.559868844839 0.821225442669 0.110161620242
0.0317740585327
0 0 0

00000008.jpg
D:\document\project\3dSurface3\code\expr7\sfm_images\8.jpg
1765.8782959
960 540
-0.174185184194 -1.5174163117 0.984397555296
-1.61021498134 0.000614334591313 -0.842104148729
0.816413113069 -1.02394806283 -0.676902122235
0.74042871873 0.372234713895 -0.466858025807 -0.308626189084
0.373586853192 0.109469839031 -0.921113002587
-0.804592935969 0.532382229052 -0.263057309281
0.461587356923 0.839395779823 0.286969667837
0.0182439654669
0 0 0

00000009.jpg
D:\document\project\3dSurface3\code\expr7\sfm_images\9.jpg
1672.18225098
960 540
0.981322134518 -1.13882627308 0.558319542707
-0.985839033508 0.0554232520693 -1.26360154675
1.02838187333 0.0281914133143 -0.0498918803629
0.870298295972 0.491762051022 0.013480855305 -0.0238578042387
0.998498226816 0.0547855322962 0
-0.0282680932021 0.515201661606 -0.856602569556
-0.0469294616007 0.855316130558 0.515976607465
-0.0563372310903
0 0 0

