# Camera parameter file. 

# The format of each camera is as follows:
# Filename (of the undistorted image in visualize folder)
# Original filename
# Focal Length (of the undistorted image)
# 2-vec Principal Point (image center)
# 3-vec Translation T (as in P = K[R T])
# 3-vec Camera Position C (as in P = K[R -RC])
# 3-vec Axis Angle format of R
# 4-vec Quaternion format of R
# 3x3 Matrix format of R
# [Normalized radial distortion] = [radial distortion] * [focal length]^2
# 3-vec Lat/Lng/Alt from EXIF

# The nubmer of cameras in this reconstruction
10

00000000.jpg
D:\document\project\3dSurface3\code\expr7\sfm_images\4.jpg
1810.91442871
960 540
-0.180237762939 0.256454038813 -0.18208186024
-0.361306616593 -0.00105846055027 -0.029403627728
0.599399990338 2.03701158367 0.925085633471
0.401111065932 0.237062313188 0.805636779779 0.365870776948
-0.565822885248 0.0884619811968 0.819768092096
0.675481250537 0.619879805177 0.399341040443
-0.472831217868 0.779694308983 -0.410496571077
-0.101955480058
0 0 0

00000001.jpg
D:\document\project\3dSurface3\code\expr7\sfm_images\5.jpg
1759.55578613
960 540
-1.12640825147 -0.218576064092 0.240572368963
-1.13119725605 0.014343759809 0.307624606555
-0.0881479887842 -2.76920044014 -1.39464381012
0.0198682136595 -0.0284122334822 -0.892580426956 -0.449527506005
-0.997596470574 0.0685769121632 -0.009926999906
0.0328516780226 0.59423137179 0.803623230366
0.0610089146183 0.801365229065 -0.59505591756
-0.073458947113
0 0 0

00000002.jpg
D:\document\project\3dSurface3\code\expr7\sfm_images\6.jpg
1762.16186523
960 540
-1.20485382696 -0.573265882819 0.452993584278
-1.39714336343 0.00109957331936 0.183022887656
0.22794722904 -2.44278709395 -1.2650019695
0.18948384865 0.0810839755174 -0.868933084884 -0.44997866022
-0.915042659969 0.0296147380516 -0.402269449378
-0.311440015344 0.581891543002 0.751270519344
0.256325691195 0.812726934324 -0.523232367435
-0.0875562872619
0 0 0

00000003.jpg
D:\document\project\3dSurface3\code\expr7\sfm_images\3.jpg
1802.68200684
960 540
0.237546749302 0.202435072134 -0.198350620322
-0.236125246395 0 -0.284598407944
0.760654636976 1.66530241942 0.700274620986
0.556957831752 0.322298194683 0.705607955688 0.296714481388
-0.171843882774 0.124317204904 0.977248715032
0.785347021718 0.616168972509 0.0597150674443
-0.594726793236 0.777741082197 -0.203516984335
-0.0824463293139
0 0 0

00000004.jpg
D:\document\project\3dSurface3\code\expr7\sfm_images\2.jpg
1762.13146973
960 540
1.13553119537 -0.364306293631 0.128744870714
-0.499558248054 0.00772558811603 -1.09046224806
0.965830008256 0.787770457101 0.346607342386
0.797999279546 0.449938258361 0.366988045957 0.161469308921
0.678494687625 0.0725391299232 0.731014747885
0.587948698675 0.542966157519 -0.599586261474
-0.440410037216 0.836615362575 0.325750555478
-0.0771231224572
0 0 0

00000005.jpg
D:\document\project\3dSurface3\code\expr7\sfm_images\1.jpg
1766.78747559
960 540
1.09707325612 -0.81546100692 0.611342453624
-0.614593796012 -0.0132494550487 -1.36542492639
0.832182034034 0.425664259661 0.0646592016836
0.892255174435 0.401036942363 0.205131913675 0.0311599235244
0.913899982319 0.108925892922 0.391052468555
0.220136304921 0.67639656096 -0.70287079244
-0.34106757712 0.728438355414 0.594180641949
-0.0742792856118
0 0 0

00000006.jpg
D:\document\project\3dSurface3\code\expr7\sfm_images\0.jpg
1671.1685791
960 540
0.506623284092 -1.60783461146 1.30900575029
-1.50774108764 -0.00075353884073 -1.51063282242
0.813361568482 -0.465411466699 -0.325428953183
0.879492647645 0.390209624618 -0.22328081477 -0.156124305084
0.851541637365 0.100367714657 -0.51459007764
-0.448872999103 0.64672339461 -0.616653937977
0.270905262163 0.756092045589 0.595764237071
-0.125707850656
0 0 0

00000007.jpg
D:\document\project\3dSurface3\code\expr7\sfm_images\7.jpg
1698.9083252
960 540
-0.534607765048 -1.4504645377 0.926844836715
-1.70146757253 -1.66533453694e-016 -0.594728246433
0.758891312878 -1.35774026209 -0.820242483386
0.637745451152 0.332412901365 -0.594723344651 -0.359286210157
0.034435088431 0.0628788664965 -0.997426900317
-0.853653718261 0.520830196032 0.00336217775927
0.519701530662 0.851341440758 0.0716117573963
-0.243238892576
0 0 0

00000008.jpg
D:\document\project\3dSurface3\code\expr7\sfm_images\8.jpg
1657.00744629
960 540
-0.145744203261 -1.5550958782 0.831876668782
-1.57311460815 0.0253512958552 -0.810093980512
0.896354398856 -1.01690308897 -0.683834951017
0.725428268664 0.406353769791 -0.461003375723 -0.310010092677
0.382739128107 0.075119381051 -0.920797291535
-0.824440958146 0.477540607035 -0.303729562367
0.416902231261 0.875392484372 0.244704956764
-0.223598786573
0 0 0

00000009.jpg
D:\document\project\3dSurface3\code\expr7\sfm_images\9.jpg
1723.97509766
960 540
0.990252180923 -1.15321055501 0.499855819657
-0.995743384831 -5.55111512313e-017 -1.25253516959
1.07757821496 0.056662125229 -0.0946759365512
0.856881833104 0.512831618977 0.0269661440927 -0.0450573453931
0.994485322231 0.104875851115 -2.77555756156e-017
-0.0495594317456 0.469947312659 -0.881302262401
-0.0924271959275 0.876442128569 0.472553268724
-0.0429732566065
0 0 0

